216 216 812
1 1 0.0291300000000000
2 1 0.9709000000000000
2 2 0.0194200000000000
3 2 0.0097090000000000
4 2 0.9709000000000000
3 3 0.0194200000000000
5 3 0.0097090000000000
6 3 0.9709000000000000
4 4 0.0194200000000000
6 4 0.0097090000000000
7 4 0.9709000000000000
1 5 0.0097090000000000
5 5 0.0194200000000000
8 5 0.9709000000000000
6 6 0.0097090000000000
8 6 0.0097090000000000
9 6 0.0097090000000000
10 6 0.9709000000000000
7 7 0.0194200000000000
10 7 0.0097090000000000
11 7 0.9709000000000000
2 8 0.0097090000000000
8 8 0.0097090000000000
12 8 0.0097090000000000
13 8 0.9709000000000000
9 9 0.0194200000000000
12 9 0.0097090000000000
14 9 0.9709000000000000
10 10 0.0097090000000000
13 10 0.0097090000000000
14 10 0.0097090000000000
15 10 0.9709000000000000
11 11 0.0194200000000000
15 11 0.0097090000000000
16 11 0.9709000000000000
3 12 0.0097090000000000
12 12 0.0097090000000000
17 12 0.0097090000000000
18 12 0.9709000000000000
4 13 0.0097090000000000
13 13 0.0097090000000000
18 13 0.0097090000000000
19 13 0.9709000000000000
14 14 0.0097090000000000
18 14 0.0097090000000000
20 14 0.0097090000000000
21 14 0.9709000000000000
15 15 0.0097090000000000
19 15 0.0097090000000000
21 15 0.0097090000000000
22 15 0.9709000000000000
16 16 0.9903200000000000
22 16 0.0097090000000000
5 17 0.0097090000000000
17 17 0.0194200000000000
23 17 0.9709000000000000
6 18 0.0097090000000000
23 18 0.0097090000000000
24 18 0.0097090000000000
25 18 0.9709000000000000
7 19 0.0097090000000000
19 19 0.0097090000000000
25 19 0.0097090000000000
26 19 0.9709000000000000
20 20 0.0194200000000000
24 20 0.0097090000000000
27 20 0.9709000000000000
21 21 0.0097090000000000
25 21 0.0097090000000000
27 21 0.0097090000000000
28 21 0.9709000000000000
22 22 0.0097090000000000
26 22 0.0097090000000000
28 22 0.0097090000000000
29 22 0.9709000000000000
8 23 0.0097090000000000
23 23 0.0097090000000000
30 23 0.0097090000000000
31 23 0.9709000000000000
9 24 0.0097090000000000
24 24 0.0097090000000000
30 24 0.0097090000000000
32 24 0.9709000000000000
10 25 0.0097090000000000
31 25 0.0097090000000000
32 25 0.0097090000000000
33 25 0.9709000000000000
11 26 0.0097090000000000
26 26 0.0097090000000000
33 26 0.0097090000000000
34 26 0.9709000000000000
27 27 0.0097090000000000
32 27 0.0097090000000000
35 27 0.0097090000000000
36 27 0.9709000000000000
28 28 0.0097090000000000
33 28 0.0097090000000000
36 28 0.0097090000000000
37 28 0.9709000000000000
29 29 0.9806090000000000
34 29 0.0097090000000000
37 29 0.0097090000000000
12 30 0.0097090000000000
30 30 0.0097090000000000
38 30 0.0097090000000000
39 30 0.9709000000000000
13 31 0.0097090000000000
31 31 0.0097090000000000
39 31 0.0097090000000000
40 31 0.9709000000000000
14 32 0.0097090000000000
39 32 0.0097090000000000
41 32 0.0097090000000000
42 32 0.9709000000000000
15 33 0.0097090000000000
40 33 0.0097090000000000
42 33 0.0097090000000000
43 33 0.9709000000000000
16 34 0.0097090000000000
34 34 0.9806090000000000
43 34 0.0097090000000000
35 35 0.0194200000000000
41 35 0.0097090000000000
44 35 0.9709000000000000
36 36 0.0097090000000000
42 36 0.0097090000000000
44 36 0.0097090000000000
45 36 0.9709000000000000
37 37 0.0097090000000000
43 37 0.0097090000000000
45 37 0.0097090000000000
46 37 0.9709000000000000
17 38 0.0097090000000000
38 38 0.0194200000000000
47 38 0.9709000000000000
18 39 0.0097090000000000
47 39 0.0097090000000000
48 39 0.0097090000000000
49 39 0.9709000000000000
19 40 0.0097090000000000
40 40 0.0097090000000000
49 40 0.0097090000000000
50 40 0.9709000000000000
20 41 0.0097090000000000
41 41 0.0097090000000000
48 41 0.0097090000000000
51 41 0.9709000000000000
21 42 0.0097090000000000
49 42 0.0097090000000000
51 42 0.0097090000000000
52 42 0.9709000000000000
22 43 0.0097090000000000
50 43 0.0097090000000000
52 43 0.0097090000000000
53 43 0.9709000000000000
44 44 0.0097090000000000
51 44 0.0097090000000000
54 44 0.0097090000000000
55 44 0.9709000000000000
45 45 0.0097090000000000
52 45 0.0097090000000000
55 45 0.0097090000000000
56 45 0.9709000000000000
46 46 0.9806090000000000
53 46 0.0097090000000000
56 46 0.0097090000000000
23 47 0.0097090000000000
47 47 0.0097090000000000
57 47 0.0097090000000000
58 47 0.9709000000000000
24 48 0.0097090000000000
48 48 0.0097090000000000
57 48 0.0097090000000000
59 48 0.9709000000000000
25 49 0.0097090000000000
58 49 0.0097090000000000
59 49 0.0097090000000000
60 49 0.9709000000000000
26 50 0.0097090000000000
50 50 0.0097090000000000
60 50 0.0097090000000000
61 50 0.9709000000000000
27 51 0.0097090000000000
59 51 0.0097090000000000
62 51 0.0097090000000000
63 51 0.9709000000000000
28 52 0.0097090000000000
60 52 0.0097090000000000
63 52 0.0097090000000000
64 52 0.9709000000000000
29 53 0.0097090000000000
53 53 0.9709000000000000
61 53 0.0097090000000000
64 53 0.0097090000000000
54 54 0.0194200000000000
62 54 0.0097090000000000
65 54 0.9709000000000000
55 55 0.0097090000000000
63 55 0.0097090000000000
65 55 0.0097090000000000
66 55 0.9709000000000000
56 56 0.0097090000000000
64 56 0.0097090000000000
66 56 0.0097090000000000
67 56 0.9709000000000000
30 57 0.0097090000000000
57 57 0.0097090000000000
68 57 0.0097090000000000
69 57 0.9709000000000000
31 58 0.0097090000000000
58 58 0.0097090000000000
69 58 0.0097090000000000
70 58 0.9709000000000000
32 59 0.0097090000000000
69 59 0.0097090000000000
71 59 0.0097090000000000
72 59 0.9709000000000000
33 60 0.0097090000000000
70 60 0.0097090000000000
72 60 0.0097090000000000
73 60 0.9709000000000000
34 61 0.0097090000000000
61 61 0.9806090000000000
73 61 0.0097090000000000
35 62 0.0097090000000000
62 62 0.0097090000000000
71 62 0.0097090000000000
74 62 0.9709000000000000
36 63 0.0097090000000000
72 63 0.0097090000000000
74 63 0.0097090000000000
75 63 0.9709000000000000
37 64 0.0097090000000000
73 64 0.0097090000000000
75 64 0.0097090000000000
76 64 0.9709000000000000
65 65 0.0194180000000000
74 65 0.0097090000000000
77 65 0.9709000000000000
66 66 0.0097090000000000
75 66 0.0097090000000000
77 66 0.0097090000000000
78 66 0.9709000000000000
67 67 0.9806090000000000
76 67 0.0097090000000000
78 67 0.0097090000000000
38 68 0.0097090000000000
68 68 0.0194200000000000
79 68 0.9709000000000000
39 69 0.0097090000000000
79 69 0.0097090000000000
80 69 0.0097090000000000
81 69 0.9709000000000000
40 70 0.0097090000000000
70 70 0.0097090000000000
81 70 0.0097090000000000
82 70 0.9709000000000000
41 71 0.0097090000000000
71 71 0.0097090000000000
80 71 0.0097090000000000
83 71 0.9709000000000000
42 72 0.0097090000000000
81 72 0.0097090000000000
83 72 0.0097090000000000
84 72 0.9709000000000000
43 73 0.0097090000000000
82 73 0.0097090000000000
84 73 0.0097090000000000
85 73 0.9709000000000000
44 74 0.0097090000000000
83 74 0.0097090000000000
86 74 0.0097090000000000
87 74 0.9709000000000000
45 75 0.0097090000000000
84 75 0.0097090000000000
87 75 0.0097090000000000
88 75 0.9709000000000000
46 76 0.0097090000000000
76 76 0.9709000000000000
85 76 0.0097090000000000
88 76 0.0097090000000000
77 77 0.0194180000000000
87 77 0.0097090000000000
89 77 0.9709000000000000
78 78 0.0097090000000000
88 78 0.0097090000000000
89 78 0.0097090000000000
90 78 0.9709000000000000
47 79 0.0097090000000000
79 79 0.0097090000000000
91 79 0.0097090000000000
92 79 0.9709000000000000
48 80 0.0097090000000000
80 80 0.0097090000000000
91 80 0.0097090000000000
93 80 0.9709000000000000
49 81 0.0097090000000000
92 81 0.0097090000000000
93 81 0.0097090000000000
94 81 0.9709000000000000
50 82 0.0097090000000000
82 82 0.0097090000000000
94 82 0.0097090000000000
95 82 0.9709000000000000
51 83 0.0097090000000000
93 83 0.0097090000000000
96 83 0.0097090000000000
97 83 0.9709000000000000
52 84 0.0097090000000000
94 84 0.0097090000000000
97 84 0.0097090000000000
98 84 0.9709000000000000
53 85 0.0097090000000000
85 85 0.9709000000000000
95 85 0.0097090000000000
98 85 0.0097090000000000
54 86 0.0097090000000000
86 86 0.0097090000000000
96 86 0.0097090000000000
99 86 0.9709000000000000
55 87 0.0097090000000000
97 87 0.0097090000000000
99 87 0.0097090000000000
100 87 0.9709000000000000
56 88 0.0097090000000000
98 88 0.0097090000000000
100 88 0.0097090000000000
101 88 0.9709000000000000
89 89 0.0194180000000000
100 89 0.0097090000000000
102 89 0.9709000000000000
90 90 0.9806090000000000
101 90 0.0097090000000000
102 90 0.0097090000000000
57 91 0.0097090000000000
91 91 0.0097090000000000
103 91 0.0097090000000000
104 91 0.9709000000000000
58 92 0.0097090000000000
92 92 0.0097090000000000
104 92 0.0097090000000000
105 92 0.9709000000000000
59 93 0.0097090000000000
104 93 0.0097090000000000
106 93 0.0097090000000000
107 93 0.9709000000000000
60 94 0.0097090000000000
105 94 0.0097090000000000
107 94 0.0097090000000000
108 94 0.9709000000000000
61 95 0.0097090000000000
95 95 0.9806090000000000
108 95 0.0097090000000000
62 96 0.0097090000000000
96 96 0.0097090000000000
106 96 0.0097090000000000
109 96 0.9709000000000000
63 97 0.0097090000000000
107 97 0.0097090000000000
109 97 0.0097090000000000
110 97 0.9709000000000000
64 98 0.0097090000000000
108 98 0.0097090000000000
110 98 0.0097090000000000
111 98 0.9709000000000000
65 99 0.0097090000000000
99 99 0.0097090000000000
109 99 0.0097090000000000
112 99 0.9709000000000000
66 100 0.0097090000000000
110 100 0.0097090000000000
112 100 0.0097090000000000
113 100 0.9709000000000000
67 101 0.0097090000000000
101 101 0.9709000000000000
111 101 0.0097090000000000
113 101 0.0097090000000000
102 102 0.0194180000000000
113 102 0.0097090000000000
114 102 0.9709000000000000
68 103 0.0097090000000000
103 103 0.0194200000000000
115 103 0.9709000000000000
69 104 0.0097090000000000
115 104 0.0097090000000000
116 104 0.0097090000000000
117 104 0.9709000000000000
70 105 0.0097090000000000
105 105 0.0097090000000000
117 105 0.0097090000000000
118 105 0.9709000000000000
71 106 0.0097090000000000
106 106 0.0097090000000000
116 106 0.0097090000000000
119 106 0.9709000000000000
72 107 0.0097090000000000
117 107 0.0097090000000000
119 107 0.0097090000000000
120 107 0.9709000000000000
73 108 0.0097090000000000
118 108 0.0097090000000000
120 108 0.0097090000000000
121 108 0.9709000000000000
74 109 0.0097090000000000
119 109 0.0097090000000000
122 109 0.0097090000000000
123 109 0.9709000000000000
75 110 0.0097090000000000
120 110 0.0097090000000000
123 110 0.0097090000000000
124 110 0.9709000000000000
76 111 0.0097090000000000
111 111 0.9709000000000000
121 111 0.0097090000000000
124 111 0.0097090000000000
77 112 0.0097090000000000
112 112 0.0097090000000000
123 112 0.0097090000000000
125 112 0.9709000000000000
78 113 0.0097090000000000
124 113 0.0097090000000000
125 113 0.0097090000000000
126 113 0.9709000000000000
114 114 0.9903180000000000
126 114 0.0097090000000000
79 115 0.0097090000000000
115 115 0.0097090000000000
127 115 0.0097090000000000
128 115 0.9709000000000000
80 116 0.0097090000000000
116 116 0.0097090000000000
127 116 0.0097090000000000
129 116 0.9709000000000000
81 117 0.0097090000000000
128 117 0.0097090000000000
129 117 0.0097090000000000
130 117 0.9709000000000000
82 118 0.0097090000000000
118 118 0.0097090000000000
130 118 0.0097090000000000
131 118 0.9709000000000000
83 119 0.0097090000000000
129 119 0.0097090000000000
132 119 0.0097090000000000
133 119 0.9709000000000000
84 120 0.0097090000000000
130 120 0.0097090000000000
133 120 0.0097090000000000
134 120 0.9709000000000000
85 121 0.0097090000000000
121 121 0.9709000000000000
131 121 0.0097090000000000
134 121 0.0097090000000000
86 122 0.0097090000000000
122 122 0.0097090000000000
132 122 0.0097090000000000
135 122 0.9709000000000000
87 123 0.0097090000000000
133 123 0.0097090000000000
135 123 0.0097090000000000
136 123 0.9709000000000000
88 124 0.0097090000000000
134 124 0.0097090000000000
136 124 0.0097090000000000
137 124 0.9709000000000000
89 125 0.0097090000000000
125 125 0.0097090000000000
136 125 0.0097090000000000
138 125 0.9709000000000000
90 126 0.0097090000000000
126 126 0.9709000000000000
137 126 0.0097090000000000
138 126 0.0097090000000000
91 127 0.0097090000000000
127 127 0.0194180000000000
139 127 0.9709000000000000
92 128 0.0097090000000000
128 128 0.0097090000000000
139 128 0.0097090000000000
140 128 0.9709000000000000
93 129 0.0097090000000000
139 129 0.0097090000000000
141 129 0.0097090000000000
142 129 0.9709000000000000
94 130 0.0097090000000000
140 130 0.0097090000000000
142 130 0.0097090000000000
143 130 0.9709000000000000
95 131 0.0097090000000000
131 131 0.9806090000000000
143 131 0.0097090000000000
96 132 0.0097090000000000
132 132 0.0097090000000000
141 132 0.0097090000000000
144 132 0.9709000000000000
97 133 0.0097090000000000
142 133 0.0097090000000000
144 133 0.0097090000000000
145 133 0.9709000000000000
98 134 0.0097090000000000
143 134 0.0097090000000000
145 134 0.0097090000000000
146 134 0.9709000000000000
99 135 0.0097090000000000
135 135 0.0097090000000000
144 135 0.0097090000000000
147 135 0.9709000000000000
100 136 0.0097090000000000
145 136 0.0097090000000000
147 136 0.0097090000000000
148 136 0.9709000000000000
101 137 0.0097090000000000
137 137 0.9709000000000000
146 137 0.0097090000000000
148 137 0.0097090000000000
102 138 0.0097090000000000
138 138 0.0097090000000000
148 138 0.0097090000000000
149 138 0.9709000000000000
104 139 0.0097090000000000
139 139 0.0097090000000000
150 139 0.0097090000000000
151 139 0.9709000000000000
105 140 0.0097090000000000
140 140 0.0097090000000000
151 140 0.0097090000000000
152 140 0.9709000000000000
106 141 0.0097090000000000
141 141 0.0097090000000000
150 141 0.0097090000000000
153 141 0.9709000000000000
107 142 0.0097090000000000
151 142 0.0097090000000000
153 142 0.0097090000000000
154 142 0.9709000000000000
108 143 0.0097090000000000
152 143 0.0097090000000000
154 143 0.0097090000000000
155 143 0.9709000000000000
109 144 0.0097090000000000
153 144 0.0097090000000000
156 144 0.0097090000000000
157 144 0.9709000000000000
110 145 0.0097090000000000
154 145 0.0097090000000000
157 145 0.0097090000000000
158 145 0.9709000000000000
111 146 0.0097090000000000
146 146 0.9709000000000000
155 146 0.0097090000000000
158 146 0.0097090000000000
112 147 0.0097090000000000
147 147 0.0097090000000000
157 147 0.0097090000000000
159 147 0.9709000000000000
113 148 0.0097090000000000
158 148 0.0097090000000000
159 148 0.0097090000000000
160 148 0.9709000000000000
114 149 0.0097090000000000
149 149 0.9806090000000000
160 149 0.0097090000000000
116 150 0.0097090000000000
150 150 0.0194180000000000
161 150 0.9709000000000000
117 151 0.0097090000000000
151 151 0.0097090000000000
161 151 0.0097090000000000
162 151 0.9709000000000000
118 152 0.0097090000000000
152 152 0.0097090000000000
162 152 0.0097090000000000
163 152 0.9709000000000000
119 153 0.0097090000000000
161 153 0.0097090000000000
164 153 0.0097090000000000
165 153 0.9709000000000000
120 154 0.0097090000000000
162 154 0.0097090000000000
165 154 0.0097090000000000
166 154 0.9709000000000000
121 155 0.0097090000000000
155 155 0.9709000000000000
163 155 0.0097090000000000
166 155 0.0097090000000000
122 156 0.0097090000000000
156 156 0.0097090000000000
164 156 0.0097090000000000
167 156 0.9709000000000000
123 157 0.0097090000000000
165 157 0.0097090000000000
167 157 0.0097090000000000
168 157 0.9709000000000000
124 158 0.0097090000000000
166 158 0.0097090000000000
168 158 0.0097090000000000
169 158 0.9709000000000000
125 159 0.0097090000000000
159 159 0.0097090000000000
168 159 0.0097090000000000
170 159 0.9709000000000000
126 160 0.0097090000000000
160 160 0.9709000000000000
169 160 0.0097090000000000
170 160 0.0097090000000000
129 161 0.0097090000000000
161 161 0.0097090000000000
171 161 0.0097090000000000
172 161 0.9709000000000000
130 162 0.0097090000000000
162 162 0.0097090000000000
172 162 0.0097090000000000
173 162 0.9709000000000000
131 163 0.0097090000000000
163 163 0.9806090000000000
173 163 0.0097090000000000
132 164 0.0097090000000000
164 164 0.0097090000000000
171 164 0.0097090000000000
174 164 0.9709000000000000
133 165 0.0097090000000000
172 165 0.0097090000000000
174 165 0.0097090000000000
175 165 0.9709000000000000
134 166 0.0097090000000000
173 166 0.0097090000000000
175 166 0.0097090000000000
176 166 0.9709000000000000
135 167 0.0097090000000000
167 167 0.0097090000000000
174 167 0.0097090000000000
177 167 0.9709000000000000
136 168 0.0097090000000000
175 168 0.0097090000000000
177 168 0.0097090000000000
178 168 0.9709000000000000
137 169 0.0097090000000000
169 169 0.9709000000000000
176 169 0.0097090000000000
178 169 0.0097090000000000
138 170 0.0097090000000000
170 170 0.0097090000000000
178 170 0.0097090000000000
179 170 0.9709000000000000
141 171 0.0097090000000000
171 171 0.0194180000000000
180 171 0.9709000000000000
142 172 0.0097090000000000
172 172 0.0097090000000000
180 172 0.0097090000000000
181 172 0.9709000000000000
143 173 0.0097090000000000
173 173 0.0097090000000000
181 173 0.0097090000000000
182 173 0.9709000000000000
144 174 0.0097090000000000
180 174 0.0097090000000000
183 174 0.0097090000000000
184 174 0.9709000000000000
145 175 0.0097090000000000
181 175 0.0097090000000000
184 175 0.0097090000000000
185 175 0.9709000000000000
146 176 0.0097090000000000
176 176 0.9709000000000000
182 176 0.0097090000000000
185 176 0.0097090000000000
147 177 0.0097090000000000
177 177 0.0097090000000000
184 177 0.0097090000000000
186 177 0.9709000000000000
148 178 0.0097090000000000
185 178 0.0097090000000000
186 178 0.0097090000000000
187 178 0.9709000000000000
149 179 0.0097090000000000
179 179 0.9806090000000000
187 179 0.0097090000000000
153 180 0.0097090000000000
180 180 0.0097090000000000
188 180 0.0097090000000000
189 180 0.9709000000000000
154 181 0.0097090000000000
181 181 0.0097090000000000
189 181 0.0097090000000000
190 181 0.9709000000000000
155 182 0.0097090000000000
182 182 0.9806090000000000
190 182 0.0097090000000000
156 183 0.0097090000000000
183 183 0.0097090000000000
188 183 0.0097090000000000
191 183 0.9709000000000000
157 184 0.0097090000000000
189 184 0.0097090000000000
191 184 0.0097090000000000
192 184 0.9709000000000000
158 185 0.0097090000000000
190 185 0.0097090000000000
192 185 0.0097090000000000
193 185 0.9709000000000000
159 186 0.0097090000000000
186 186 0.0097090000000000
192 186 0.0097090000000000
194 186 0.9709000000000000
160 187 0.0097090000000000
187 187 0.9709000000000000
193 187 0.0097090000000000
194 187 0.0097090000000000
164 188 0.0097090000000000
188 188 0.0194180000000000
195 188 0.9709000000000000
165 189 0.0097090000000000
189 189 0.0097090000000000
195 189 0.0097090000000000
196 189 0.9709000000000000
166 190 0.0097090000000000
190 190 0.0097090000000000
196 190 0.0097090000000000
197 190 0.9709000000000000
167 191 0.0097090000000000
191 191 0.0097090000000000
195 191 0.0097090000000000
198 191 0.9709000000000000
168 192 0.0097090000000000
196 192 0.0097090000000000
198 192 0.0097090000000000
199 192 0.9709000000000000
169 193 0.0097090000000000
193 193 0.9709000000000000
197 193 0.0097090000000000
199 193 0.0097090000000000
170 194 0.0097090000000000
194 194 0.0097090000000000
199 194 0.0097090000000000
200 194 0.9709000000000000
174 195 0.0097090000000000
195 195 0.0097090000000000
201 195 0.0097090000000000
202 195 0.9709000000000000
175 196 0.0097090000000000
196 196 0.0097090000000000
202 196 0.0097090000000000
203 196 0.9709000000000000
176 197 0.0097090000000000
197 197 0.9806090000000000
203 197 0.0097090000000000
177 198 0.0097090000000000
198 198 0.0097090000000000
202 198 0.0097090000000000
204 198 0.9709000000000000
178 199 0.0097090000000000
203 199 0.0097090000000000
204 199 0.0097090000000000
205 199 0.9709000000000000
179 200 0.0097090000000000
200 200 0.9806090000000000
205 200 0.0097090000000000
183 201 0.0097090000000000
201 201 0.0194180000000000
206 201 0.9709000000000000
184 202 0.0097090000000000
202 202 0.0097090000000000
206 202 0.0097090000000000
207 202 0.9709000000000000
185 203 0.0097090000000000
203 203 0.0097090000000000
207 203 0.0097090000000000
208 203 0.9709000000000000
186 204 0.0097090000000000
204 204 0.0097090000000000
207 204 0.0097090000000000
209 204 0.9709000000000000
187 205 0.0097090000000000
205 205 0.9709000000000000
208 205 0.0097090000000000
209 205 0.0097090000000000
191 206 0.0097090000000000
206 206 0.0194180000000000
210 206 0.9709000000000000
192 207 0.0097090000000000
207 207 0.0097090000000000
210 207 0.0097090000000000
211 207 0.9709000000000000
193 208 0.0097090000000000
208 208 0.9806090000000000
211 208 0.0097090000000000
194 209 0.0097090000000000
209 209 0.0097090000000000
211 209 0.0097090000000000
212 209 0.9709000000000000
198 210 0.0097090000000000
210 210 0.0194180000000000
213 210 0.9709000000000000
199 211 0.0097090000000000
211 211 0.0097090000000000
213 211 0.0097090000000000
214 211 0.9709000000000000
200 212 0.0097090000000000
212 212 0.9806090000000000
214 212 0.0097090000000000
204 213 0.0097090000000000
213 213 0.0194180000000000
215 213 0.9709000000000000
205 214 0.0097090000000000
214 214 0.9806090000000000
215 214 0.0097090000000000
209 215 0.0097090000000000
215 215 0.0194180000000000
216 215 0.9709000000000000
212 216 0.0097090000000000
216 216 0.9903180000000000
