131 131 536
1 1 1.0000000000000000
58 1 0.0635540206000000
112 1 -6.3869481600000002
2 2 1.0000000000000000
7 2 0.0000875154509000
58 2 0.0635540206000000
59 2 0.0003318036050000
112 2 1383420.1599999999161810
113 2 -8239951.5199999995529652
3 3 1.0000000000000000
8 3 0.0000072825711700
59 3 0.0003318036050000
60 3 0.0000902895410000
113 3 104873667.0000000000000000
114 3 -395116227.0000000000000000
4 4 1.0000000000000000
9 4 0.0000036750853600
60 4 0.0000902895410000
61 4 0.0000641337883000
114 4 794563563.0000000000000000
115 4 -2463372000.0000000000000000
5 5 1.0000000000000000
61 5 0.0000641337883000
115 5 3092466360.0000000000000000
6 6 1.0000000000000000
7 6 0.0000751080574000
58 6 -0.0635540206000000
64 6 0.0001194993100000
116 6 -6.3869481600000002
7 7 -0.0003139445860000
8 7 0.0001230142580000
12 7 0.0000000824314487
32 7 -2.0000000000000000
58 7 -0.0635540206000000
59 7 -0.0003318036050000
64 7 0.0001194993100000
65 7 0.0000006238834520
93 7 2.6028875100000000
116 7 1383420.1599999999161810
117 7 -8239951.5199999995529652
7 8 0.0001168648310000
8 8 -0.0004353041550000
9 8 0.0006813551120000
13 8 0.0000000068595075
33 8 -2.0000000000000000
59 8 -0.0003318036050000
60 8 -0.0000902895410000
65 8 0.0000006238834520
66 8 0.0000001697695550
94 8 2.7567488400000002
117 8 104873667.0000000000000000
118 8 -395116227.0000000000000000
8 9 0.0003021325090000
9 9 -0.0025338261500000
14 9 0.0000000034615900
34 9 -2.0000000000000000
60 9 -0.0000902895410000
61 9 -0.0000641337883000
66 9 0.0000001697695550
67 9 0.0000001205894350
95 9 2.7975874599999999
118 9 794563563.0000000000000000
119 9 -2463372000.0000000000000000
9 10 0.0018473529800000
10 10 1.0000000000000000
61 10 -0.0000641337883000
67 10 0.0000001205894350
119 10 3092466360.0000000000000000
11 11 1.0000000000000000
12 11 0.0000751080574000
64 11 -0.0001194993100000
70 11 0.0001194993100000
120 11 -6.3869481600000002
7 12 0.0000001645534910
12 12 -0.0002264294440000
13 12 0.0001230142580000
17 12 0.0000001645534910
37 12 -2.0000000000000000
64 12 -0.0001194993100000
65 12 -0.0000006238834520
70 12 0.0001194993100000
71 12 0.0000006238834520
98 12 2.6028875100000000
120 12 1383420.1599999999161810
121 12 -8239951.5199999995529652
8 13 0.0000000136932678
12 13 0.0001168648310000
13 13 -0.0004280216090000
14 13 0.0006813551120000
18 13 0.0000000136932678
38 13 -2.0000000000000000
65 13 -0.0000006238834520
66 13 -0.0000001697695550
71 13 0.0000006238834520
72 13 0.0000001697695550
99 13 2.7567488400000002
121 13 104873667.0000000000000000
122 13 -395116227.0000000000000000
9 14 0.0000000069101869
13 14 0.0003021325090000
14 14 -0.0025301510800000
19 14 0.0000000069101869
39 14 -2.0000000000000000
66 14 -0.0000001697695550
67 14 -0.0000001205894350
72 14 0.0000001697695550
73 14 0.0000001205894350
100 14 2.7975874599999999
122 14 794563563.0000000000000000
123 14 -2463372000.0000000000000000
14 15 0.0018473529800000
15 15 1.0000000000000000
67 15 -0.0000001205894350
73 15 0.0000001205894350
123 15 3092466360.0000000000000000
16 16 1.0000000000000000
17 16 0.0000751080574000
70 16 -0.0001194993100000
76 16 0.0635540206000000
124 16 -6.3869481600000002
12 17 0.0000000824314487
17 17 -0.0003139445860000
18 17 0.0001230142580000
42 17 -2.0000000000000000
70 17 -0.0001194993100000
71 17 -0.0000006238834520
76 17 0.0635540206000000
77 17 0.0003318036050000
103 17 2.6028875100000000
124 17 1383420.1599999999161810
125 17 -8239951.5199999995529652
13 18 0.0000000068595075
17 18 0.0001168648310000
18 18 -0.0004353041550000
19 18 0.0006813551120000
43 18 -2.0000000000000000
71 18 -0.0000006238834520
72 18 -0.0000001697695550
77 18 0.0003318036050000
78 18 0.0000902895410000
104 18 2.7567488400000002
125 18 104873667.0000000000000000
126 18 -395116227.0000000000000000
14 19 0.0000000034615900
18 19 0.0003021325090000
19 19 -0.0025338261500000
44 19 -2.0000000000000000
72 19 -0.0000001697695550
73 19 -0.0000001205894350
78 19 0.0000902895410000
79 19 0.0000641337883000
105 19 2.7975874599999999
126 19 794563563.0000000000000000
127 19 -2463372000.0000000000000000
19 20 0.0018473529800000
20 20 1.0000000000000000
73 20 -0.0000001205894350
79 20 0.0000641337883000
127 20 3092466360.0000000000000000
21 21 1.0000000000000000
76 21 -0.0635540206000000
128 21 -6.3869481600000002
17 22 0.0000875154509000
22 22 1.0000000000000000
76 22 -0.0635540206000000
77 22 -0.0003318036050000
128 22 1383420.1599999999161810
129 22 -8239951.5199999995529652
18 23 0.0000072825711700
23 23 1.0000000000000000
77 23 -0.0003318036050000
78 23 -0.0000902895410000
129 23 104873667.0000000000000000
130 23 -395116227.0000000000000000
19 24 0.0000036750853600
24 24 1.0000000000000000
78 24 -0.0000902895410000
79 24 -0.0000641337883000
130 24 794563563.0000000000000000
25 25 1.0000000000000000
79 25 -0.0000641337883000
26 26 1.0000000000000000
27 27 1.0000000000000000
32 27 0.0000875154509000
28 28 1.0000000000000000
33 28 0.0000072825711700
29 29 1.0000000000000000
34 29 0.0000036750853600
30 30 1.0000000000000000
31 31 1.0000000000000000
32 31 0.0000237363288000
7 32 2.0000000000000000
31 32 -1.0000000000000000
32 32 -0.0003139445860000
33 32 0.0000867447750000
37 32 0.0000000824314487
8 33 2.0000000000000000
32 33 0.0002008391260000
33 33 -0.0004353041550000
34 33 0.0006114758760000
38 33 0.0000000068595075
9 34 2.0000000000000000
33 34 0.0003411150050000
34 34 -0.0025338261500000
39 34 0.0000000034615900
34 35 0.0019186013200000
35 35 1.0000000000000000
36 36 1.0000000000000000
37 36 0.0000237363288000
12 37 2.0000000000000000
32 37 0.0000001645534910
36 37 -1.0000000000000000
37 37 -0.0002264294440000
38 37 0.0000867447750000
42 37 0.0000001645534910
13 38 2.0000000000000000
33 38 0.0000000136932678
37 38 0.0002008391260000
38 38 -0.0004280216090000
39 38 0.0006114758760000
43 38 0.0000000136932678
14 39 2.0000000000000000
34 39 0.0000000069101869
38 39 0.0003411150050000
39 39 -0.0025301510800000
44 39 0.0000000069101869
39 40 0.0019186013200000
40 40 1.0000000000000000
41 41 1.0000000000000000
42 41 0.0000237363288000
17 42 2.0000000000000000
37 42 0.0000000824314487
41 42 -1.0000000000000000
42 42 -0.0003139445860000
43 42 0.0000867447750000
18 43 2.0000000000000000
38 43 0.0000000068595075
42 43 0.0002008391260000
43 43 -0.0004353041550000
44 43 0.0006114758760000
19 44 2.0000000000000000
39 44 0.0000000034615900
43 44 0.0003411150050000
44 44 -0.0025338261500000
44 45 0.0019186013200000
45 45 1.0000000000000000
46 46 1.0000000000000000
42 47 0.0000875154509000
47 47 1.0000000000000000
43 48 0.0000072825711700
48 48 1.0000000000000000
44 49 0.0000036750853600
49 49 1.0000000000000000
50 50 1.0000000000000000
51 51 0.5000000000000000
52 52 0.5000000000000000
58 52 0.0395763444000000
112 52 -4472940.1799999997019768
53 53 0.5000000000000000
59 53 0.0001795625560000
113 53 -1134412380.0000000000000000
54 54 0.5000000000000000
60 54 0.0000474507342000
114 54 -4420516180.0000000000000000
55 55 0.5000000000000000
61 55 0.0000334556810000
115 55 -6316384470.0000000000000000
56 56 0.5000000000000000
51 57 0.5000000000000000
57 57 0.5000000000000000
58 57 0.0004568535740000
52 58 0.5000000000000000
57 58 -0.5000000000000000
58 58 -0.0427129469000000
59 58 0.0000402971055000
64 58 0.0000105417975000
112 58 4472940.1799999997019768
116 58 -4267.7497000000003027
53 59 0.5000000000000000
58 59 0.0026419880300000
59 59 -0.0004079379360000
60 59 0.0002071246970000
65 59 0.0000000478293822
113 59 1134412380.0000000000000000
117 59 -1082372.6499999999068677
54 60 0.5000000000000000
59 60 0.0001879069490000
60 60 -0.0010698190600000
61 60 0.0017996177300000
66 60 0.0000000126392682
114 60 4420516180.0000000000000000
118 60 -4217730.5800000000745058
55 61 0.5000000000000000
60 61 0.0008151983550000
61 61 -0.0051414073100000
62 61 0.5000000000000000
67 61 0.0000000089114601
115 61 6316384470.0000000000000000
119 61 -6026628.3200000002980232
56 62 0.5000000000000000
61 62 0.0033083019800000
62 62 0.5000000000000000
63 63 0.5000000000000000
64 63 0.0004568535740000
58 64 0.0000377608296000
63 64 -0.5000000000000000
64 64 -0.0031134607900000
65 64 0.0000402971055000
70 64 0.0000040773893700
116 64 4267.7497000000003027
120 64 -1650.6935599999999340
59 65 0.0000001713253500
64 65 0.0026419880300000
65 65 -0.0002282703840000
66 65 0.0002071246970000
71 65 0.0000000184995978
117 65 1082372.6499999999068677
121 65 -418643.4720000000088476
60 66 0.0000000452739918
65 66 0.0001879069490000
66 66 -0.0010223405800000
67 66 0.0017996177300000
72 66 0.0000000048886556
118 66 4217730.5800000000745058
122 66 -1631347.0100000000093132
61 67 0.0000000319209439
66 67 0.0008151983550000
67 67 -0.0051079320600000
68 67 0.5000000000000000
73 67 0.0000000034468024
119 67 6026628.3200000002980232
123 67 -2330998.1200000001117587
67 68 0.0033083019800000
68 68 0.5000000000000000
69 69 0.5000000000000000
70 69 0.0004568535740000
64 70 0.0000040773893700
69 70 -0.5000000000000000
70 70 -0.0031134607900000
71 70 0.0000402971055000
76 70 0.0000377608296000
120 70 1650.6935599999999340
124 70 -4267.7497000000003027
65 71 0.0000000184995978
70 71 0.0026419880300000
71 71 -0.0002282703840000
72 71 0.0002071246970000
77 71 0.0000001713253500
121 71 418643.4720000000088476
125 71 -1082372.6499999999068677
66 72 0.0000000048886556
71 72 0.0001879069490000
72 72 -0.0010223405800000
73 72 0.0017996177300000
78 72 0.0000000452739918
122 72 1631347.0100000000093132
126 72 -4217730.5800000000745058
67 73 0.0000000034468024
72 73 0.0008151983550000
73 73 -0.0051079320600000
74 73 0.5000000000000000
79 73 0.0000000319209439
123 73 2330998.1200000001117587
127 73 -6026628.3200000002980232
73 74 0.0033083019800000
74 74 0.5000000000000000
75 75 0.5000000000000000
76 75 0.0004568535740000
81 75 0.5000000000000000
70 76 0.0000105417975000
75 76 -0.5000000000000000
76 76 -0.0427129469000000
77 76 0.0000402971055000
82 76 0.5000000000000000
124 76 4267.7497000000003027
128 76 -4472940.1799999997019768
71 77 0.0000000478293822
76 77 0.0026419880300000
77 77 -0.0004079379360000
78 77 0.0002071246970000
83 77 0.5000000000000000
125 77 1082372.6499999999068677
129 77 -1134412380.0000000000000000
72 78 0.0000000126392682
77 78 0.0001879069490000
78 78 -0.0010698190600000
79 78 0.0017996177300000
84 78 0.5000000000000000
126 78 4217730.5800000000745058
130 78 -4420516180.0000000000000000
73 79 0.0000000089114601
78 79 0.0008151983550000
79 79 -0.0051414073100000
80 79 0.5000000000000000
85 79 0.5000000000000000
127 79 6026628.3200000002980232
79 80 0.0033083019800000
80 80 0.5000000000000000
86 80 0.5000000000000000
81 81 0.5000000000000000
76 82 0.0395763444000000
82 82 0.5000000000000000
128 82 4472940.1799999997019768
77 83 0.0001795625560000
83 83 0.5000000000000000
129 83 1134412380.0000000000000000
78 84 0.0000474507342000
84 84 0.5000000000000000
130 84 4420516180.0000000000000000
79 85 0.0000334556810000
85 85 0.5000000000000000
86 86 0.5000000000000000
87 87 1.0000000000000000
88 88 1.0000000000000000
93 88 0.0000875154509000
89 89 1.0000000000000000
94 89 0.0000072825711700
90 90 1.0000000000000000
95 90 0.0000036750853600
91 91 1.0000000000000000
92 92 1.0000000000000000
93 92 0.0000298578421000
7 93 -0.9260440290000000
92 93 -1.0000000000000000
93 93 -0.0003221761570000
94 93 0.0000883856876000
98 93 0.0000000824314487
8 94 -0.9807841420000000
93 94 0.0002046383110000
94 94 -0.0004385835770000
95 94 0.0006146785360000
99 94 0.0000000068595075
9 95 -0.9953135290000000
94 95 0.0003429016250000
95 95 -0.0025382309400000
100 95 0.0000000034615900
95 96 0.0019198704100000
96 96 1.0000000000000000
97 97 1.0000000000000000
98 97 0.0000298578421000
12 98 -0.9260440290000000
93 98 0.0000001645534910
97 98 -1.0000000000000000
98 98 -0.0002346610160000
99 98 0.0000883856876000
103 98 0.0000001645534910
13 99 -0.9807841420000000
94 99 0.0000000136932678
98 99 0.0002046383110000
99 99 -0.0004313010320000
100 99 0.0006146785360000
104 99 0.0000000136932678
14 100 -0.9953135290000000
95 100 0.0000000069101869
99 100 0.0003429016250000
100 100 -0.0025345558700000
105 100 0.0000000069101869
100 101 0.0019198704100000
101 101 1.0000000000000000
102 102 1.0000000000000000
103 102 0.0000298578421000
17 103 -0.9260440290000000
98 103 0.0000000824314487
102 103 -1.0000000000000000
103 103 -0.0003221761570000
104 103 0.0000883856876000
18 104 -0.9807841420000000
99 104 0.0000000068595075
103 104 0.0002046383110000
104 104 -0.0004385835770000
105 104 0.0006146785360000
19 105 -0.9953135290000000
100 105 0.0000000034615900
104 105 0.0003429016250000
105 105 -0.0025382309400000
105 106 0.0019198704100000
106 106 1.0000000000000000
107 107 1.0000000000000000
103 108 0.0000875154509000
108 108 1.0000000000000000
104 109 0.0000072825711700
109 109 1.0000000000000000
105 110 0.0000036750853600
110 110 1.0000000000000000
111 111 1.0000000000000000
58 112 2.2369264499999999
59 113 2.2369264499999999
60 114 2.2369264499999999
61 115 2.2369264499999999
7 116 0.1666221610000000
58 116 -2.2369264499999999
64 116 0.0042060465100000
7 117 -0.1666221610000000
8 117 0.7336010650000000
59 117 -2.2369264499999999
65 117 0.0042060465100000
8 118 -0.7336010650000000
9 118 2.8451481799999998
60 118 -2.2369264499999999
66 118 0.0042060465100000
9 119 -2.8451481799999998
61 119 -2.2369264499999999
67 119 0.0042060465100000
12 120 0.1666221610000000
64 120 -0.0042060465100000
70 120 0.0042060465100000
12 121 -0.1666221610000000
13 121 0.7336010650000000
65 121 -0.0042060465100000
71 121 0.0042060465100000
13 122 -0.7336010650000000
14 122 2.8451481799999998
66 122 -0.0042060465100000
72 122 0.0042060465100000
14 123 -2.8451481799999998
67 123 -0.0042060465100000
73 123 0.0042060465100000
17 124 0.1666221610000000
70 124 -0.0042060465100000
76 124 2.2369264499999999
17 125 -0.1666221610000000
18 125 0.7336010650000000
71 125 -0.0042060465100000
77 125 2.2369264499999999
18 126 -0.7336010650000000
19 126 2.8451481799999998
72 126 -0.0042060465100000
78 126 2.2369264499999999
19 127 -2.8451481799999998
73 127 -0.0042060465100000
79 127 2.2369264499999999
76 128 -2.2369264499999999
77 129 -2.2369264499999999
78 130 -2.2369264499999999
79 131 -2.2369264499999999
131 131 1.0000000000000000
