511 511 2796
1 1 1.0000000000000000
213 1 36.7226792000000017
422 1 -9.5254021000000009
2 2 1.0000000000000000
12 2 93.9651137999999975
213 2 36.7226792000000017
214 2 0.1416360350000000
422 2 20995.9369000000006054
423 2 -48521.9570000000021537
3 3 1.0000000000000000
13 3 1.8974795000000000
214 3 0.1416360350000000
215 3 0.0116116408000000
423 3 2680527.1400000001303852
424 3 -6415064.6900000004097819
4 4 1.0000000000000000
14 4 0.3274656170000000
215 4 0.0116116408000000
216 4 0.0033475905600000
424 4 38780644.7999999970197678
425 4 -72866065.7999999970197678
5 5 1.0000000000000000
15 5 0.1247085970000000
216 5 0.0033475905600000
217 5 0.0016129743400000
425 5 195559936.0000000000000000
426 5 -335695797.0000000000000000
6 6 1.0000000000000000
16 6 0.0703768375000000
217 6 0.0016129743400000
218 6 0.0010641330000000
426 6 602343434.0000000000000000
427 6 -1133103610.0000000000000000
7 7 1.0000000000000000
17 7 0.0517705803000000
218 7 0.0010641330000000
219 7 0.0008569894310000
427 7 1550516180.0000000000000000
428 7 -2917854190.0000000000000000
8 8 1.0000000000000000
18 8 0.0439406762000000
219 8 0.0008569894310000
220 8 0.0007563585940000
428 8 3449784840.0000000000000000
429 8 -5399895530.0000000000000000
9 9 1.0000000000000000
19 9 0.0395584790000000
220 9 0.0007563585940000
221 9 0.0006914889560000
429 9 6011402390.0000000000000000
430 9 -7491929070.0000000000000000
10 10 1.0000000000000000
221 10 0.0006914889560000
430 10 8166739650.0000000000000000
11 11 1.0000000000000000
12 11 0.0097258451900000
213 11 -36.7226792000000017
224 11 8.0190996600000002
431 11 -9.5254021000000009
12 12 -114.5012969999999939
13 12 0.0008788565840000
22 12 0.0759945696000000
112 12 -2.0000000000000000
213 12 -36.7226792000000017
214 12 -0.1416360350000000
224 12 8.0190996600000002
225 12 0.0309289383000000
333 12 2.3009393100000000
431 12 20995.9369000000006054
432 12 -48521.9570000000021537
12 13 0.0042760176600000
13 13 -2.3137462100000001
14 13 0.0006551158380000
23 13 0.0015345922700000
113 13 -2.0000000000000000
214 13 -0.1416360350000000
215 13 -0.0116116408000000
225 13 0.0309289383000000
226 13 0.0025356239500000
334 13 2.5668323900000001
432 13 2680527.1400000001303852
433 13 -6415064.6900000004097819
13 14 0.0009758241410000
14 14 -0.4004657540000000
15 14 0.0007751003450000
24 14 0.0002648388070000
114 14 -2.0000000000000000
215 14 -0.0116116408000000
216 14 -0.0033475905600000
226 14 0.0025356239500000
227 14 0.0007310104520000
335 14 2.6779354899999999
433 14 38780644.7999999970197678
434 14 -72866065.7999999970197678
14 15 0.0008261294800000
15 15 -0.1537753270000000
16 15 0.0012630913800000
25 15 0.0001008584540000
115 15 -2.0000000000000000
216 15 -0.0033475905600000
217 15 -0.0016129743400000
227 15 0.0007310104520000
228 15 0.0003522238110000
336 15 2.7370665900000000
434 15 195559936.0000000000000000
435 15 -335695797.0000000000000000
15 16 0.0010551199300000
16 16 -0.0890887930000000
17 16 0.0031661638400000
26 16 0.0000569174799000
116 16 -2.0000000000000000
217 16 -0.0016129743400000
218 16 -0.0010641330000000
228 16 0.0003522238110000
229 16 0.0002323738010000
337 16 2.7715134699999999
435 16 602343434.0000000000000000
436 16 -1133103610.0000000000000000
16 17 0.0020784811500000
17 17 -0.0717861853000000
18 17 0.0087070930400000
27 17 0.0000418696132000
117 17 -2.0000000000000000
218 17 -0.0010641330000000
219 17 -0.0008569894310000
229 17 0.0002323738010000
230 17 0.0001871400400000
338 17 2.7898249900000001
436 17 1550516180.0000000000000000
437 17 -2917854190.0000000000000000
17 18 0.0055426903700000
18 18 -0.0753177091000000
19 18 0.0173098522000000
28 18 0.0000355371546000
118 18 -2.0000000000000000
219 18 -0.0008569894310000
220 18 -0.0007563585940000
230 18 0.0001871400400000
231 18 0.0001651653710000
339 18 2.7995555400000001
437 18 3449784840.0000000000000000
438 18 -5399895530.0000000000000000
18 19 0.0130732483000000
19 19 -0.0864544189000000
29 19 0.0000319930394000
119 19 -2.0000000000000000
220 19 -0.0007563585940000
221 19 -0.0006914889560000
231 19 0.0001651653710000
232 19 0.0001509998450000
340 19 2.8057720100000001
438 19 6011402390.0000000000000000
439 19 -7491929070.0000000000000000
19 20 0.0209464718000000
20 20 1.0000000000000000
221 20 -0.0006914889560000
232 20 0.0001509998450000
439 20 8166739650.0000000000000000
21 21 1.0000000000000000
22 21 0.0097258451900000
224 21 -8.0190996600000002
235 21 0.0244508278000000
440 21 -9.5254021000000009
12 22 20.5190805000000012
22 22 -0.0933289460000000
23 22 0.0008788565840000
32 22 0.0000769353797000
122 22 -2.0000000000000000
224 22 -8.0190996600000002
225 22 -0.0309289383000000
235 22 0.0244508278000000
236 22 0.0000943046199000
343 22 2.3009393100000000
440 22 20995.9369000000006054
441 22 -48521.9570000000021537
13 23 0.4143509550000000
22 23 0.0042760176600000
23 23 -0.0034550261000000
24 23 0.0006551158380000
33 23 0.0000015535904700
123 23 -2.0000000000000000
225 23 -0.0309289383000000
226 23 -0.0025356239500000
236 23 0.0000943046199000
237 23 0.0000077313049300
344 23 2.5668323900000001
441 23 2680527.1400000001303852
442 23 -6415064.6900000004097819
14 24 0.0715083833000000
23 24 0.0009758241410000
24 24 -0.0017574002100000
25 24 0.0007751003450000
34 24 0.0000002681175020
124 24 -2.0000000000000000
226 24 -0.0025356239500000
227 24 -0.0007310104520000
237 24 0.0000077313049300
238 24 0.0000022289049200
345 24 2.6779354899999999
442 24 38780644.7999999970197678
443 24 -72866065.7999999970197678
15 25 0.0272325083000000
24 25 0.0008261294800000
25 25 -0.0019353871500000
26 25 0.0012630913800000
35 25 0.0000001021070790
125 25 -2.0000000000000000
227 25 -0.0007310104520000
228 25 -0.0003522238110000
238 25 0.0000022289049200
239 25 0.0000010739564400
346 25 2.7370665900000000
443 25 195559936.0000000000000000
444 25 -335695797.0000000000000000
16 26 0.0153681291000000
25 26 0.0010551199300000
26 26 -0.0034009174900000
27 26 0.0031661638400000
36 26 0.0000000576221163
126 26 -2.0000000000000000
228 26 -0.0003522238110000
229 26 -0.0002323738010000
239 26 0.0000010739564400
240 26 0.0000007085249010
347 26 2.7715134699999999
444 26 602343434.0000000000000000
445 26 -1133103610.0000000000000000
17 27 0.0113050968000000
26 27 0.0020784811500000
27 27 -0.0087525054900000
28 27 0.0087070930400000
37 27 0.0000000423879575
127 27 -2.0000000000000000
229 27 -0.0002323738010000
230 27 -0.0001871400400000
240 27 0.0000007085249010
241 27 0.0000005706038200
348 27 2.7898249900000001
445 27 1550516180.0000000000000000
446 27 -2917854190.0000000000000000
18 28 0.0095952874200000
27 28 0.0055426903700000
28 28 -0.0218173909000000
29 28 0.0173098522000000
38 28 0.0000000359771034
128 28 -2.0000000000000000
230 28 -0.0001871400400000
231 28 -0.0001651653710000
241 28 0.0000005706038200
242 28 0.0000005036014300
349 28 2.7995555400000001
446 28 3449784840.0000000000000000
447 28 -5399895530.0000000000000000
19 29 0.0086383508100000
28 29 0.0130732483000000
29 29 -0.0382896797000000
39 29 0.0000000323891121
129 29 -2.0000000000000000
231 29 -0.0001651653710000
232 29 -0.0001509998450000
242 29 0.0000005036014300
243 29 0.0000004604096920
350 29 2.8057720100000001
447 29 6011402390.0000000000000000
448 29 -7491929070.0000000000000000
29 30 0.0209464718000000
30 30 1.0000000000000000
232 30 -0.0001509998450000
243 30 0.0000004604096920
448 30 8166739650.0000000000000000
31 31 1.0000000000000000
32 31 0.0097258451900000
235 31 -0.0244508278000000
246 31 0.0120985529000000
449 31 -9.5254021000000009
22 32 0.0002317130620000
32 32 -0.0172176672000000
33 32 0.0008788565840000
42 32 0.0000284396301000
132 32 -2.0000000000000000
235 32 -0.0244508278000000
236 32 -0.0000943046199000
246 32 0.0120985529000000
247 32 0.0000466630184000
353 32 2.3009393100000000
449 32 20995.9369000000006054
450 32 -48521.9570000000021537
23 33 0.0000046790853100
32 33 0.0042760176600000
33 33 -0.0019180770700000
34 33 0.0006551158380000
43 33 0.0000005742941490
133 33 -2.0000000000000000
236 33 -0.0000943046199000
237 33 -0.0000077313049300
247 33 0.0000466630184000
248 33 0.0000038255392500
354 33 2.5668323900000001
450 33 2680527.1400000001303852
451 33 -6415064.6900000004097819
24 34 0.0000008075131060
33 34 0.0009758241410000
34 34 -0.0014921546700000
35 34 0.0007751003450000
44 34 0.0000000991112623
134 34 -2.0000000000000000
237 34 -0.0000077313049300
238 34 -0.0000022289049200
248 34 0.0000038255392500
249 34 0.0000011028879800
355 34 2.6779354899999999
451 34 38780644.7999999970197678
452 34 -72866065.7999999970197678
25 35 0.0000003075248860
34 35 0.0008261294800000
35 35 -0.0018343738000000
36 35 0.0012630913800000
45 35 0.0000000377445015
135 35 -2.0000000000000000
238 35 -0.0000022289049200
239 35 -0.0000010739564400
249 35 0.0000011028879800
250 35 0.0000005314060900
356 35 2.7370665900000000
452 35 195559936.0000000000000000
453 35 -335695797.0000000000000000
26 36 0.0000001735456050
35 36 0.0010551199300000
36 36 -0.0033439125900000
37 36 0.0031661638400000
46 36 0.0000000213003651
136 36 -2.0000000000000000
239 36 -0.0000010739564400
240 36 -0.0000007085249010
250 36 0.0000005314060900
251 36 0.0000003505863290
357 36 2.7715134699999999
453 36 602343434.0000000000000000
454 36 -1133103610.0000000000000000
27 37 0.0000001276635470
36 37 0.0020784811500000
37 37 -0.0087105715800000
38 37 0.0087070930400000
47 37 0.0000000156689658
137 37 -2.0000000000000000
240 37 -0.0000007085249010
241 37 -0.0000005706038200
251 37 0.0000003505863290
252 37 0.0000002823413810
358 37 2.7898249900000001
454 37 1550516180.0000000000000000
455 37 -2917854190.0000000000000000
28 38 0.0000001083554120
37 38 0.0055426903700000
38 38 -0.0217817992000000
39 38 0.0173098522000000
48 38 0.0000000132991547
138 38 -2.0000000000000000
241 38 -0.0000005706038200
242 38 -0.0000005036014300
252 38 0.0000002823413810
253 38 0.0000002491878220
359 38 2.7995555400000001
455 38 3449784840.0000000000000000
456 38 -5399895530.0000000000000000
29 39 0.0000000975491427
38 39 0.0130732483000000
39 39 -0.0382576375000000
49 39 0.0000000119728319
139 39 -2.0000000000000000
242 39 -0.0000005036014300
243 39 -0.0000004604096920
253 39 0.0000002491878220
254 39 0.0000002278160490
360 39 2.8057720100000001
456 39 6011402390.0000000000000000
457 39 -7491929070.0000000000000000
39 40 0.0209464718000000
40 40 1.0000000000000000
243 40 -0.0000004604096920
254 40 0.0000002278160490
457 40 8166739650.0000000000000000
41 41 1.0000000000000000
42 41 0.0097258451900000
246 41 -0.0120985529000000
257 41 0.0120875022000000
458 41 -9.5254021000000009
32 42 0.0000380685172000
42 42 -0.0171595166000000
43 42 0.0008788565840000
52 42 0.0000284136537000
142 42 -2.0000000000000000
246 42 -0.0120985529000000
247 42 -0.0000466630184000
257 42 0.0120875022000000
258 42 0.0000466203969000
363 42 2.3009393100000000
458 42 20995.9369000000006054
459 42 -48521.9570000000021537
33 43 0.0000007687345640
42 43 0.0042760176600000
43 43 -0.0019169028000000
44 43 0.0006551158380000
53 43 0.0000005737695940
143 43 -2.0000000000000000
247 43 -0.0000466630184000
248 43 -0.0000038255392500
258 43 0.0000466203969000
259 43 0.0000038220450400
364 43 2.5668323900000001
459 43 2680527.1400000001303852
460 43 -6415064.6900000004097819
34 44 0.0000001326676460
43 44 0.0009758241410000
44 44 -0.0014919520200000
45 44 0.0007751003450000
54 44 0.0000000990207350
144 44 -2.0000000000000000
248 44 -0.0000038255392500
249 44 -0.0000011028879800
259 44 0.0000038220450400
260 44 0.0000011018806100
365 44 2.6779354899999999
460 44 38780644.7999999970197678
461 44 -72866065.7999999970197678
35 45 0.0000000505237654
44 45 0.0008261294800000
45 45 -0.0018342966200000
46 45 0.0012630913800000
55 45 0.0000000377100260
145 45 -2.0000000000000000
249 45 -0.0000011028879800
250 45 -0.0000005314060900
260 45 0.0000011018806100
261 45 0.0000005309207090
366 45 2.7370665900000000
461 45 195559936.0000000000000000
462 45 -335695797.0000000000000000
36 46 0.0000000285120907
45 46 0.0010551199300000
46 46 -0.0033438690400000
47 46 0.0031661638400000
56 46 0.0000000212809095
146 46 -2.0000000000000000
250 46 -0.0000005314060900
251 46 -0.0000003505863290
261 46 0.0000005309207090
262 46 0.0000003502661070
367 46 2.7715134699999999
462 46 602343434.0000000000000000
463 46 -1133103610.0000000000000000
37 47 0.0000000209740524
46 47 0.0020784811500000
47 47 -0.0087105395400000
48 47 0.0087070930400000
57 47 0.0000000156546539
147 47 -2.0000000000000000
251 47 -0.0000003505863290
252 47 -0.0000002823413810
262 47 0.0000003502661070
263 47 0.0000002820834930
368 47 2.7898249900000001
463 47 1550516180.0000000000000000
464 47 -2917854190.0000000000000000
38 48 0.0000000178018875
47 48 0.0055426903700000
48 48 -0.0217817720000000
49 48 0.0173098522000000
58 48 0.0000000132870073
148 48 -2.0000000000000000
252 48 -0.0000002823413810
253 48 -0.0000002491878220
263 48 0.0000002820834930
264 48 0.0000002489602160
369 48 2.7995555400000001
464 48 3449784840.0000000000000000
465 48 -5399895530.0000000000000000
39 49 0.0000000160265079
48 49 0.0130732483000000
49 49 -0.0382576131000000
59 49 0.0000000119618960
149 49 -2.0000000000000000
253 49 -0.0000002491878220
254 49 -0.0000002278160490
264 49 0.0000002489602160
265 49 0.0000002276079640
370 49 2.8057720100000001
465 49 6011402390.0000000000000000
466 49 -7491929070.0000000000000000
49 50 0.0209464718000000
50 50 1.0000000000000000
254 50 -0.0000002278160490
265 50 0.0000002276079640
466 50 8166739650.0000000000000000
51 51 1.0000000000000000
52 51 0.0097258451900000
257 51 -0.0120875022000000
268 51 0.0120985529000000
467 51 -9.5254021000000009
42 52 0.0000284136537000
52 52 -0.0171595166000000
53 52 0.0008788565840000
62 52 0.0000380685172000
152 52 -2.0000000000000000
257 52 -0.0120875022000000
258 52 -0.0000466203969000
268 52 0.0120985529000000
269 52 0.0000466630184000
373 52 2.3009393100000000
467 52 20995.9369000000006054
468 52 -48521.9570000000021537
43 53 0.0000005737695940
52 53 0.0042760176600000
53 53 -0.0019169028000000
54 53 0.0006551158380000
63 53 0.0000007687345640
153 53 -2.0000000000000000
258 53 -0.0000466203969000
259 53 -0.0000038220450400
269 53 0.0000466630184000
270 53 0.0000038255392500
374 53 2.5668323900000001
468 53 2680527.1400000001303852
469 53 -6415064.6900000004097819
44 54 0.0000000990207350
53 54 0.0009758241410000
54 54 -0.0014919520200000
55 54 0.0007751003450000
64 54 0.0000001326676460
154 54 -2.0000000000000000
259 54 -0.0000038220450400
260 54 -0.0000011018806100
270 54 0.0000038255392500
271 54 0.0000011028879800
375 54 2.6779354899999999
469 54 38780644.7999999970197678
470 54 -72866065.7999999970197678
45 55 0.0000000377100260
54 55 0.0008261294800000
55 55 -0.0018342966200000
56 55 0.0012630913800000
65 55 0.0000000505237654
155 55 -2.0000000000000000
260 55 -0.0000011018806100
261 55 -0.0000005309207090
271 55 0.0000011028879800
272 55 0.0000005314060900
376 55 2.7370665900000000
470 55 195559936.0000000000000000
471 55 -335695797.0000000000000000
46 56 0.0000000212809095
55 56 0.0010551199300000
56 56 -0.0033438690400000
57 56 0.0031661638400000
66 56 0.0000000285120907
156 56 -2.0000000000000000
261 56 -0.0000005309207090
262 56 -0.0000003502661070
272 56 0.0000005314060900
273 56 0.0000003505863290
377 56 2.7715134699999999
471 56 602343434.0000000000000000
472 56 -1133103610.0000000000000000
47 57 0.0000000156546539
56 57 0.0020784811500000
57 57 -0.0087105395400000
58 57 0.0087070930400000
67 57 0.0000000209740524
157 57 -2.0000000000000000
262 57 -0.0000003502661070
263 57 -0.0000002820834930
273 57 0.0000003505863290
274 57 0.0000002823413810
378 57 2.7898249900000001
472 57 1550516180.0000000000000000
473 57 -2917854190.0000000000000000
48 58 0.0000000132870073
57 58 0.0055426903700000
58 58 -0.0217817720000000
59 58 0.0173098522000000
68 58 0.0000000178018875
158 58 -2.0000000000000000
263 58 -0.0000002820834930
264 58 -0.0000002489602160
274 58 0.0000002823413810
275 58 0.0000002491878220
379 58 2.7995555400000001
473 58 3449784840.0000000000000000
474 58 -5399895530.0000000000000000
49 59 0.0000000119618960
58 59 0.0130732483000000
59 59 -0.0382576131000000
69 59 0.0000000160265079
159 59 -2.0000000000000000
264 59 -0.0000002489602160
265 59 -0.0000002276079640
275 59 0.0000002491878220
276 59 0.0000002278160490
380 59 2.8057720100000001
474 59 6011402390.0000000000000000
475 59 -7491929070.0000000000000000
59 60 0.0209464718000000
60 60 1.0000000000000000
265 60 -0.0000002276079640
276 60 0.0000002278160490
475 60 8166739650.0000000000000000
61 61 1.0000000000000000
62 61 0.0097258451900000
268 61 -0.0120985529000000
279 61 0.0244508278000000
476 61 -9.5254021000000009
52 62 0.0000284396301000
62 62 -0.0172176672000000
63 62 0.0008788565840000
72 62 0.0002317130620000
162 62 -2.0000000000000000
268 62 -0.0120985529000000
269 62 -0.0000466630184000
279 62 0.0244508278000000
280 62 0.0000943046199000
383 62 2.3009393100000000
476 62 20995.9369000000006054
477 62 -48521.9570000000021537
53 63 0.0000005742941490
62 63 0.0042760176600000
63 63 -0.0019180770700000
64 63 0.0006551158380000
73 63 0.0000046790853100
163 63 -2.0000000000000000
269 63 -0.0000466630184000
270 63 -0.0000038255392500
280 63 0.0000943046199000
281 63 0.0000077313049300
384 63 2.5668323900000001
477 63 2680527.1400000001303852
478 63 -6415064.6900000004097819
54 64 0.0000000991112623
63 64 0.0009758241410000
64 64 -0.0014921546700000
65 64 0.0007751003450000
74 64 0.0000008075131060
164 64 -2.0000000000000000
270 64 -0.0000038255392500
271 64 -0.0000011028879800
281 64 0.0000077313049300
282 64 0.0000022289049200
385 64 2.6779354899999999
478 64 38780644.7999999970197678
479 64 -72866065.7999999970197678
55 65 0.0000000377445015
64 65 0.0008261294800000
65 65 -0.0018343738000000
66 65 0.0012630913800000
75 65 0.0000003075248860
165 65 -2.0000000000000000
271 65 -0.0000011028879800
272 65 -0.0000005314060900
282 65 0.0000022289049200
283 65 0.0000010739564400
386 65 2.7370665900000000
479 65 195559936.0000000000000000
480 65 -335695797.0000000000000000
56 66 0.0000000213003651
65 66 0.0010551199300000
66 66 -0.0033439125900000
67 66 0.0031661638400000
76 66 0.0000001735456050
166 66 -2.0000000000000000
272 66 -0.0000005314060900
273 66 -0.0000003505863290
283 66 0.0000010739564400
284 66 0.0000007085249010
387 66 2.7715134699999999
480 66 602343434.0000000000000000
481 66 -1133103610.0000000000000000
57 67 0.0000000156689658
66 67 0.0020784811500000
67 67 -0.0087105715800000
68 67 0.0087070930400000
77 67 0.0000001276635470
167 67 -2.0000000000000000
273 67 -0.0000003505863290
274 67 -0.0000002823413810
284 67 0.0000007085249010
285 67 0.0000005706038200
388 67 2.7898249900000001
481 67 1550516180.0000000000000000
482 67 -2917854190.0000000000000000
58 68 0.0000000132991547
67 68 0.0055426903700000
68 68 -0.0217817992000000
69 68 0.0173098522000000
78 68 0.0000001083554120
168 68 -2.0000000000000000
274 68 -0.0000002823413810
275 68 -0.0000002491878220
285 68 0.0000005706038200
286 68 0.0000005036014300
389 68 2.7995555400000001
482 68 3449784840.0000000000000000
483 68 -5399895530.0000000000000000
59 69 0.0000000119728319
68 69 0.0130732483000000
69 69 -0.0382576375000000
79 69 0.0000000975491427
169 69 -2.0000000000000000
275 69 -0.0000002491878220
276 69 -0.0000002278160490
286 69 0.0000005036014300
287 69 0.0000004604096920
390 69 2.8057720100000001
483 69 6011402390.0000000000000000
484 69 -7491929070.0000000000000000
69 70 0.0209464718000000
70 70 1.0000000000000000
276 70 -0.0000002278160490
287 70 0.0000004604096920
484 70 8166739650.0000000000000000
71 71 1.0000000000000000
72 71 0.0097258451900000
279 71 -0.0244508278000000
290 71 8.0190996600000002
485 71 -9.5254021000000009
62 72 0.0000769353797000
72 72 -0.0933289460000000
73 72 0.0008788565840000
82 72 20.5190805000000012
172 72 -2.0000000000000000
279 72 -0.0244508278000000
280 72 -0.0000943046199000
290 72 8.0190996600000002
291 72 0.0309289383000000
393 72 2.3009393100000000
485 72 20995.9369000000006054
486 72 -48521.9570000000021537
63 73 0.0000015535904700
72 73 0.0042760176600000
73 73 -0.0034550261000000
74 73 0.0006551158380000
83 73 0.4143509550000000
173 73 -2.0000000000000000
280 73 -0.0000943046199000
281 73 -0.0000077313049300
291 73 0.0309289383000000
292 73 0.0025356239500000
394 73 2.5668323900000001
486 73 2680527.1400000001303852
487 73 -6415064.6900000004097819
64 74 0.0000002681175020
73 74 0.0009758241410000
74 74 -0.0017574002100000
75 74 0.0007751003450000
84 74 0.0715083833000000
174 74 -2.0000000000000000
281 74 -0.0000077313049300
282 74 -0.0000022289049200
292 74 0.0025356239500000
293 74 0.0007310104520000
395 74 2.6779354899999999
487 74 38780644.7999999970197678
488 74 -72866065.7999999970197678
65 75 0.0000001021070790
74 75 0.0008261294800000
75 75 -0.0019353871500000
76 75 0.0012630913800000
85 75 0.0272325083000000
175 75 -2.0000000000000000
282 75 -0.0000022289049200
283 75 -0.0000010739564400
293 75 0.0007310104520000
294 75 0.0003522238110000
396 75 2.7370665900000000
488 75 195559936.0000000000000000
489 75 -335695797.0000000000000000
66 76 0.0000000576221163
75 76 0.0010551199300000
76 76 -0.0034009174900000
77 76 0.0031661638400000
86 76 0.0153681291000000
176 76 -2.0000000000000000
283 76 -0.0000010739564400
284 76 -0.0000007085249010
294 76 0.0003522238110000
295 76 0.0002323738010000
397 76 2.7715134699999999
489 76 602343434.0000000000000000
490 76 -1133103610.0000000000000000
67 77 0.0000000423879575
76 77 0.0020784811500000
77 77 -0.0087525054900000
78 77 0.0087070930400000
87 77 0.0113050968000000
177 77 -2.0000000000000000
284 77 -0.0000007085249010
285 77 -0.0000005706038200
295 77 0.0002323738010000
296 77 0.0001871400400000
398 77 2.7898249900000001
490 77 1550516180.0000000000000000
491 77 -2917854190.0000000000000000
68 78 0.0000000359771034
77 78 0.0055426903700000
78 78 -0.0218173909000000
79 78 0.0173098522000000
88 78 0.0095952874200000
178 78 -2.0000000000000000
285 78 -0.0000005706038200
286 78 -0.0000005036014300
296 78 0.0001871400400000
297 78 0.0001651653710000
399 78 2.7995555400000001
491 78 3449784840.0000000000000000
492 78 -5399895530.0000000000000000
69 79 0.0000000323891121
78 79 0.0130732483000000
79 79 -0.0382896797000000
89 79 0.0086383508100000
179 79 -2.0000000000000000
286 79 -0.0000005036014300
287 79 -0.0000004604096920
297 79 0.0001651653710000
298 79 0.0001509998450000
400 79 2.8057720100000001
492 79 6011402390.0000000000000000
493 79 -7491929070.0000000000000000
79 80 0.0209464718000000
80 80 1.0000000000000000
287 80 -0.0000004604096920
298 80 0.0001509998450000
493 80 8166739650.0000000000000000
81 81 1.0000000000000000
82 81 0.0097258451900000
290 81 -8.0190996600000002
301 81 36.7226792000000017
494 81 -9.5254021000000009
72 82 0.0759945696000000
82 82 -114.5012969999999939
83 82 0.0008788565840000
182 82 -2.0000000000000000
290 82 -8.0190996600000002
291 82 -0.0309289383000000
301 82 36.7226792000000017
302 82 0.1416360350000000
403 82 2.3009393100000000
494 82 20995.9369000000006054
495 82 -48521.9570000000021537
73 83 0.0015345922700000
82 83 0.0042760176600000
83 83 -2.3137462100000001
84 83 0.0006551158380000
183 83 -2.0000000000000000
291 83 -0.0309289383000000
292 83 -0.0025356239500000
302 83 0.1416360350000000
303 83 0.0116116408000000
404 83 2.5668323900000001
495 83 2680527.1400000001303852
496 83 -6415064.6900000004097819
74 84 0.0002648388070000
83 84 0.0009758241410000
84 84 -0.4004657540000000
85 84 0.0007751003450000
184 84 -2.0000000000000000
292 84 -0.0025356239500000
293 84 -0.0007310104520000
303 84 0.0116116408000000
304 84 0.0033475905600000
405 84 2.6779354899999999
496 84 38780644.7999999970197678
497 84 -72866065.7999999970197678
75 85 0.0001008584540000
84 85 0.0008261294800000
85 85 -0.1537753270000000
86 85 0.0012630913800000
185 85 -2.0000000000000000
293 85 -0.0007310104520000
294 85 -0.0003522238110000
304 85 0.0033475905600000
305 85 0.0016129743400000
406 85 2.7370665900000000
497 85 195559936.0000000000000000
498 85 -335695797.0000000000000000
76 86 0.0000569174799000
85 86 0.0010551199300000
86 86 -0.0890887930000000
87 86 0.0031661638400000
186 86 -2.0000000000000000
294 86 -0.0003522238110000
295 86 -0.0002323738010000
305 86 0.0016129743400000
306 86 0.0010641330000000
407 86 2.7715134699999999
498 86 602343434.0000000000000000
499 86 -1133103610.0000000000000000
77 87 0.0000418696132000
86 87 0.0020784811500000
87 87 -0.0717861853000000
88 87 0.0087070930400000
187 87 -2.0000000000000000
295 87 -0.0002323738010000
296 87 -0.0001871400400000
306 87 0.0010641330000000
307 87 0.0008569894310000
408 87 2.7898249900000001
499 87 1550516180.0000000000000000
500 87 -2917854190.0000000000000000
78 88 0.0000355371546000
87 88 0.0055426903700000
88 88 -0.0753177091000000
89 88 0.0173098522000000
188 88 -2.0000000000000000
296 88 -0.0001871400400000
297 88 -0.0001651653710000
307 88 0.0008569894310000
308 88 0.0007563585940000
409 88 2.7995555400000001
500 88 3449784840.0000000000000000
501 88 -5399895530.0000000000000000
79 89 0.0000319930394000
88 89 0.0130732483000000
89 89 -0.0864544189000000
189 89 -2.0000000000000000
297 89 -0.0001651653710000
298 89 -0.0001509998450000
308 89 0.0007563585940000
309 89 0.0006914889560000
410 89 2.8057720100000001
501 89 6011402390.0000000000000000
502 89 -7491929070.0000000000000000
89 90 0.0209464718000000
90 90 1.0000000000000000
298 90 -0.0001509998450000
309 90 0.0006914889560000
502 90 8166739650.0000000000000000
91 91 1.0000000000000000
301 91 -36.7226792000000017
503 91 -9.5254021000000009
82 92 93.9651137999999975
92 92 1.0000000000000000
301 92 -36.7226792000000017
302 92 -0.1416360350000000
503 92 20995.9369000000006054
504 92 -48521.9570000000021537
83 93 1.8974795000000000
93 93 1.0000000000000000
302 93 -0.1416360350000000
303 93 -0.0116116408000000
504 93 2680527.1400000001303852
505 93 -6415064.6900000004097819
84 94 0.3274656170000000
94 94 1.0000000000000000
303 94 -0.0116116408000000
304 94 -0.0033475905600000
505 94 38780644.7999999970197678
506 94 -72866065.7999999970197678
85 95 0.1247085970000000
95 95 1.0000000000000000
304 95 -0.0033475905600000
305 95 -0.0016129743400000
506 95 195559936.0000000000000000
507 95 -335695797.0000000000000000
86 96 0.0703768375000000
96 96 1.0000000000000000
305 96 -0.0016129743400000
306 96 -0.0010641330000000
507 96 602343434.0000000000000000
508 96 -1133103610.0000000000000000
87 97 0.0517705803000000
97 97 1.0000000000000000
306 97 -0.0010641330000000
307 97 -0.0008569894310000
508 97 1550516180.0000000000000000
509 97 -2917854190.0000000000000000
88 98 0.0439406762000000
98 98 1.0000000000000000
307 98 -0.0008569894310000
308 98 -0.0007563585940000
509 98 3449784840.0000000000000000
510 98 -5399895530.0000000000000000
89 99 0.0395584790000000
99 99 1.0000000000000000
308 99 -0.0007563585940000
309 99 -0.0006914889560000
510 99 6011402390.0000000000000000
100 100 1.0000000000000000
309 100 -0.0006914889560000
101 101 1.0000000000000000
102 102 1.0000000000000000
112 102 93.9651137999999975
103 103 1.0000000000000000
113 103 1.8974795000000000
104 104 1.0000000000000000
114 104 0.3274656170000000
105 105 1.0000000000000000
115 105 0.1247085970000000
106 106 1.0000000000000000
116 106 0.0703768375000000
107 107 1.0000000000000000
117 107 0.0517705803000000
108 108 1.0000000000000000
118 108 0.0439406762000000
109 109 1.0000000000000000
119 109 0.0395584790000000
110 110 1.0000000000000000
111 111 1.0000000000000000
112 111 0.0043006303200000
12 112 2.0000000000000000
111 112 -1.0000000000000000
112 112 -114.5012969999999939
113 112 0.0005298055210000
122 112 0.0759945696000000
13 113 2.0000000000000000
112 113 0.0125333438000000
113 113 -2.3137462100000001
114 113 0.0005062962590000
123 113 0.0015345922700000
14 114 2.0000000000000000
113 114 0.0013820652900000
114 114 -0.4004657540000000
115 114 0.0006675364460000
124 114 0.0002648388070000
15 115 2.0000000000000000
114 115 0.0009848188830000
115 115 -0.1537753270000000
116 115 0.0011530471800000
125 115 0.0001008584540000
16 116 2.0000000000000000
115 116 0.0011664425500000
116 116 -0.0890887930000000
117 116 0.0030119463400000
126 116 0.0000569174799000
17 117 2.0000000000000000
116 117 0.0021906465100000
117 117 -0.0717861853000000
118 117 0.0084754026800000
127 117 0.0000418696132000
18 118 2.0000000000000000
117 118 0.0056984682400000
118 118 -0.0753177091000000
119 118 0.0170119448000000
128 118 0.0000355371546000
19 119 2.0000000000000000
118 119 0.0133062630000000
119 119 -0.0864544189000000
129 119 0.0000319930394000
119 120 0.0212455715000000
120 120 1.0000000000000000
121 121 1.0000000000000000
122 121 0.0043006303200000
22 122 2.0000000000000000
112 122 20.5190805000000012
121 122 -1.0000000000000000
122 122 -0.0933289460000000
123 122 0.0005298055210000
132 122 0.0000769353797000
23 123 2.0000000000000000
113 123 0.4143509550000000
122 123 0.0125333438000000
123 123 -0.0034550261000000
124 123 0.0005062962590000
133 123 0.0000015535904700
24 124 2.0000000000000000
114 124 0.0715083833000000
123 124 0.0013820652900000
124 124 -0.0017574002100000
125 124 0.0006675364460000
134 124 0.0000002681175020
25 125 2.0000000000000000
115 125 0.0272325083000000
124 125 0.0009848188830000
125 125 -0.0019353871500000
126 125 0.0011530471800000
135 125 0.0000001021070790
26 126 2.0000000000000000
116 126 0.0153681291000000
125 126 0.0011664425500000
126 126 -0.0034009174900000
127 126 0.0030119463400000
136 126 0.0000000576221163
27 127 2.0000000000000000
117 127 0.0113050968000000
126 127 0.0021906465100000
127 127 -0.0087525054900000
128 127 0.0084754026800000
137 127 0.0000000423879575
28 128 2.0000000000000000
118 128 0.0095952874200000
127 128 0.0056984682400000
128 128 -0.0218173909000000
129 128 0.0170119448000000
138 128 0.0000000359771034
29 129 2.0000000000000000
119 129 0.0086383508100000
128 129 0.0133062630000000
129 129 -0.0382896797000000
139 129 0.0000000323891121
129 130 0.0212455715000000
130 130 1.0000000000000000
131 131 1.0000000000000000
132 131 0.0043006303200000
32 132 2.0000000000000000
122 132 0.0002317130620000
131 132 -1.0000000000000000
132 132 -0.0172176672000000
133 132 0.0005298055210000
142 132 0.0000284396301000
33 133 2.0000000000000000
123 133 0.0000046790853100
132 133 0.0125333438000000
133 133 -0.0019180770700000
134 133 0.0005062962590000
143 133 0.0000005742941490
34 134 2.0000000000000000
124 134 0.0000008075131060
133 134 0.0013820652900000
134 134 -0.0014921546700000
135 134 0.0006675364460000
144 134 0.0000000991112623
35 135 2.0000000000000000
125 135 0.0000003075248860
134 135 0.0009848188830000
135 135 -0.0018343738000000
136 135 0.0011530471800000
145 135 0.0000000377445015
36 136 2.0000000000000000
126 136 0.0000001735456050
135 136 0.0011664425500000
136 136 -0.0033439125900000
137 136 0.0030119463400000
146 136 0.0000000213003651
37 137 2.0000000000000000
127 137 0.0000001276635470
136 137 0.0021906465100000
137 137 -0.0087105715800000
138 137 0.0084754026800000
147 137 0.0000000156689658
38 138 2.0000000000000000
128 138 0.0000001083554120
137 138 0.0056984682400000
138 138 -0.0217817992000000
139 138 0.0170119448000000
148 138 0.0000000132991547
39 139 2.0000000000000000
129 139 0.0000000975491427
138 139 0.0133062630000000
139 139 -0.0382576375000000
149 139 0.0000000119728319
139 140 0.0212455715000000
140 140 1.0000000000000000
141 141 1.0000000000000000
142 141 0.0043006303200000
42 142 2.0000000000000000
132 142 0.0000380685172000
141 142 -1.0000000000000000
142 142 -0.0171595166000000
143 142 0.0005298055210000
152 142 0.0000284136537000
43 143 2.0000000000000000
133 143 0.0000007687345640
142 143 0.0125333438000000
143 143 -0.0019169028000000
144 143 0.0005062962590000
153 143 0.0000005737695940
44 144 2.0000000000000000
134 144 0.0000001326676460
143 144 0.0013820652900000
144 144 -0.0014919520200000
145 144 0.0006675364460000
154 144 0.0000000990207350
45 145 2.0000000000000000
135 145 0.0000000505237654
144 145 0.0009848188830000
145 145 -0.0018342966200000
146 145 0.0011530471800000
155 145 0.0000000377100260
46 146 2.0000000000000000
136 146 0.0000000285120907
145 146 0.0011664425500000
146 146 -0.0033438690400000
147 146 0.0030119463400000
156 146 0.0000000212809095
47 147 2.0000000000000000
137 147 0.0000000209740524
146 147 0.0021906465100000
147 147 -0.0087105395400000
148 147 0.0084754026800000
157 147 0.0000000156546539
48 148 2.0000000000000000
138 148 0.0000000178018875
147 148 0.0056984682400000
148 148 -0.0217817720000000
149 148 0.0170119448000000
158 148 0.0000000132870073
49 149 2.0000000000000000
139 149 0.0000000160265079
148 149 0.0133062630000000
149 149 -0.0382576131000000
159 149 0.0000000119618960
149 150 0.0212455715000000
150 150 1.0000000000000000
151 151 1.0000000000000000
152 151 0.0043006303200000
52 152 2.0000000000000000
142 152 0.0000284136537000
151 152 -1.0000000000000000
152 152 -0.0171595166000000
153 152 0.0005298055210000
162 152 0.0000380685172000
53 153 2.0000000000000000
143 153 0.0000005737695940
152 153 0.0125333438000000
153 153 -0.0019169028000000
154 153 0.0005062962590000
163 153 0.0000007687345640
54 154 2.0000000000000000
144 154 0.0000000990207350
153 154 0.0013820652900000
154 154 -0.0014919520200000
155 154 0.0006675364460000
164 154 0.0000001326676460
55 155 2.0000000000000000
145 155 0.0000000377100260
154 155 0.0009848188830000
155 155 -0.0018342966200000
156 155 0.0011530471800000
165 155 0.0000000505237654
56 156 2.0000000000000000
146 156 0.0000000212809095
155 156 0.0011664425500000
156 156 -0.0033438690400000
157 156 0.0030119463400000
166 156 0.0000000285120907
57 157 2.0000000000000000
147 157 0.0000000156546539
156 157 0.0021906465100000
157 157 -0.0087105395400000
158 157 0.0084754026800000
167 157 0.0000000209740524
58 158 2.0000000000000000
148 158 0.0000000132870073
157 158 0.0056984682400000
158 158 -0.0217817720000000
159 158 0.0170119448000000
168 158 0.0000000178018875
59 159 2.0000000000000000
149 159 0.0000000119618960
158 159 0.0133062630000000
159 159 -0.0382576131000000
169 159 0.0000000160265079
159 160 0.0212455715000000
160 160 1.0000000000000000
161 161 1.0000000000000000
162 161 0.0043006303200000
62 162 2.0000000000000000
152 162 0.0000284396301000
161 162 -1.0000000000000000
162 162 -0.0172176672000000
163 162 0.0005298055210000
172 162 0.0002317130620000
63 163 2.0000000000000000
153 163 0.0000005742941490
162 163 0.0125333438000000
163 163 -0.0019180770700000
164 163 0.0005062962590000
173 163 0.0000046790853100
64 164 2.0000000000000000
154 164 0.0000000991112623
163 164 0.0013820652900000
164 164 -0.0014921546700000
165 164 0.0006675364460000
174 164 0.0000008075131060
65 165 2.0000000000000000
155 165 0.0000000377445015
164 165 0.0009848188830000
165 165 -0.0018343738000000
166 165 0.0011530471800000
175 165 0.0000003075248860
66 166 2.0000000000000000
156 166 0.0000000213003651
165 166 0.0011664425500000
166 166 -0.0033439125900000
167 166 0.0030119463400000
176 166 0.0000001735456050
67 167 2.0000000000000000
157 167 0.0000000156689658
166 167 0.0021906465100000
167 167 -0.0087105715800000
168 167 0.0084754026800000
177 167 0.0000001276635470
68 168 2.0000000000000000
158 168 0.0000000132991547
167 168 0.0056984682400000
168 168 -0.0217817992000000
169 168 0.0170119448000000
178 168 0.0000001083554120
69 169 2.0000000000000000
159 169 0.0000000119728319
168 169 0.0133062630000000
169 169 -0.0382576375000000
179 169 0.0000000975491427
169 170 0.0212455715000000
170 170 1.0000000000000000
171 171 1.0000000000000000
172 171 0.0043006303200000
72 172 2.0000000000000000
162 172 0.0000769353797000
171 172 -1.0000000000000000
172 172 -0.0933289460000000
173 172 0.0005298055210000
182 172 20.5190805000000012
73 173 2.0000000000000000
163 173 0.0000015535904700
172 173 0.0125333438000000
173 173 -0.0034550261000000
174 173 0.0005062962590000
183 173 0.4143509550000000
74 174 2.0000000000000000
164 174 0.0000002681175020
173 174 0.0013820652900000
174 174 -0.0017574002100000
175 174 0.0006675364460000
184 174 0.0715083833000000
75 175 2.0000000000000000
165 175 0.0000001021070790
174 175 0.0009848188830000
175 175 -0.0019353871500000
176 175 0.0011530471800000
185 175 0.0272325083000000
76 176 2.0000000000000000
166 176 0.0000000576221163
175 176 0.0011664425500000
176 176 -0.0034009174900000
177 176 0.0030119463400000
186 176 0.0153681291000000
77 177 2.0000000000000000
167 177 0.0000000423879575
176 177 0.0021906465100000
177 177 -0.0087525054900000
178 177 0.0084754026800000
187 177 0.0113050968000000
78 178 2.0000000000000000
168 178 0.0000000359771034
177 178 0.0056984682400000
178 178 -0.0218173909000000
179 178 0.0170119448000000
188 178 0.0095952874200000
79 179 2.0000000000000000
169 179 0.0000000323891121
178 179 0.0133062630000000
179 179 -0.0382896797000000
189 179 0.0086383508100000
179 180 0.0212455715000000
180 180 1.0000000000000000
181 181 1.0000000000000000
182 181 0.0043006303200000
82 182 2.0000000000000000
172 182 0.0759945696000000
181 182 -1.0000000000000000
182 182 -114.5012969999999939
183 182 0.0005298055210000
83 183 2.0000000000000000
173 183 0.0015345922700000
182 183 0.0125333438000000
183 183 -2.3137462100000001
184 183 0.0005062962590000
84 184 2.0000000000000000
174 184 0.0002648388070000
183 184 0.0013820652900000
184 184 -0.4004657540000000
185 184 0.0006675364460000
85 185 2.0000000000000000
175 185 0.0001008584540000
184 185 0.0009848188830000
185 185 -0.1537753270000000
186 185 0.0011530471800000
86 186 2.0000000000000000
176 186 0.0000569174799000
185 186 0.0011664425500000
186 186 -0.0890887930000000
187 186 0.0030119463400000
87 187 2.0000000000000000
177 187 0.0000418696132000
186 187 0.0021906465100000
187 187 -0.0717861853000000
188 187 0.0084754026800000
88 188 2.0000000000000000
178 188 0.0000355371546000
187 188 0.0056984682400000
188 188 -0.0753177091000000
189 188 0.0170119448000000
89 189 2.0000000000000000
179 189 0.0000319930394000
188 189 0.0133062630000000
189 189 -0.0864544189000000
189 190 0.0212455715000000
190 190 1.0000000000000000
191 191 1.0000000000000000
182 192 93.9651137999999975
192 192 1.0000000000000000
183 193 1.8974795000000000
193 193 1.0000000000000000
184 194 0.3274656170000000
194 194 1.0000000000000000
185 195 0.1247085970000000
195 195 1.0000000000000000
186 196 0.0703768375000000
196 196 1.0000000000000000
187 197 0.0517705803000000
197 197 1.0000000000000000
188 198 0.0439406762000000
198 198 1.0000000000000000
189 199 0.0395584790000000
199 199 1.0000000000000000
200 200 1.0000000000000000
201 201 0.5000000000000000
202 202 0.5000000000000000
213 202 9893.5322199999991426
422 202 -282036.8690000000060536
203 203 0.5000000000000000
214 203 31.6155010999999995
423 203 -106524105.0000000000000000
204 204 0.5000000000000000
215 204 2.4274830399999998
424 204 -1481342410.0000000000000000
205 205 0.5000000000000000
216 205 0.6794358270000000
425 205 -5451420940.0000000000000000
206 206 0.5000000000000000
217 206 0.3219949370000000
426 206 -11695092100.0000000000000000
207 207 0.5000000000000000
218 207 0.2104871950000000
427 207 -18055886600.0000000000000000
208 208 0.5000000000000000
219 208 0.1687161910000000
428 208 -22632691900.0000000000000000
209 209 0.5000000000000000
220 209 0.1485032770000000
429 209 -25782791700.0000000000000000
210 210 0.5000000000000000
221 210 0.1355050430000000
430 210 -28310569400.0000000000000000
211 211 0.5000000000000000
201 212 0.5000000000000000
212 212 0.5000000000000000
213 212 0.0846679886000000
202 213 0.5000000000000000
212 213 -0.5000000000000000
213 213 -12800.2726000000002387
214 213 0.0009922176740000
224 213 88.1267993999999959
422 213 282036.8690000000060536
431 213 -82855.0568999999959487
203 214 0.5000000000000000
213 214 0.1946862420000000
214 214 -40.9071027000000029
215 214 0.0004829853480000
225 214 0.2816155910000000
423 214 106524105.0000000000000000
432 214 -31293996.3999999985098839
204 215 0.5000000000000000
214 215 0.0028019845600000
215 215 -3.1421618100000002
216 215 0.0005725705720000
226 215 0.0216228447000000
424 215 1481342410.0000000000000000
433 215 -435179665.0000000000000000
205 216 0.5000000000000000
215 216 0.0010647554600000
216 216 -0.8806300210000000
217 216 0.0008364360000000
227 216 0.0060520856900000
425 216 5451420940.0000000000000000
434 216 -1601484920.0000000000000000
206 217 0.5000000000000000
216 217 0.0010211446500000
217 217 -0.4189320430000000
218 217 0.0017885822400000
228 217 0.0028681751400000
426 217 11695092100.0000000000000000
435 217 -3435712220.0000000000000000
207 218 0.5000000000000000
217 218 0.0015069772500000
218 218 -0.2775955010000000
219 218 0.0051807714400000
229 218 0.0018749181200000
427 218 18055886600.0000000000000000
436 218 -5304347330.0000000000000000
208 219 0.5000000000000000
218 219 0.0034840903100000
219 219 -0.2325067560000000
220 219 0.0126769551000000
230 219 0.0015028422200000
428 219 22632691900.0000000000000000
437 219 -6648893040.0000000000000000
209 220 0.5000000000000000
219 220 0.0090453877200000
220 220 -0.2225478800000000
221 220 0.0204148851000000
231 220 0.0013227953600000
429 220 25782791700.0000000000000000
438 220 -7574309980.0000000000000000
210 221 0.5000000000000000
220 221 0.0177412684000000
221 221 -0.2185373960000000
222 221 0.5000000000000000
232 221 0.0012070133700000
430 221 28310569400.0000000000000000
439 221 -8316904990.0000000000000000
211 222 0.5000000000000000
221 222 0.0228096303000000
222 222 0.5000000000000000
223 223 0.5000000000000000
224 223 0.0846679886000000
213 224 2906.4610499999998865
223 224 -0.5000000000000000
224 224 -90.5210663000000011
225 224 0.0009922176740000
235 224 0.0604959654000000
431 224 82855.0568999999959487
440 224 -1988.3986899999999878
214 225 9.2878074700000006
224 225 0.1946862420000000
225 225 -0.2921681500000000
226 225 0.0004829853480000
236 225 0.0001933192530000
432 225 31293996.3999999985098839
441 225 -751009.5810000000055879
215 226 0.7131310380000000
225 226 0.0028019845600000
226 226 -0.0236895017000000
227 226 0.0005725705720000
237 226 0.0000148433266000
433 226 435179665.0000000000000000
442 226 -10443667.5999999996274710
216 227 0.1996004790000000
226 227 0.0010647554600000
227 227 -0.0077910420100000
228 227 0.0008364360000000
238 227 0.0000041545451500
434 227 1601484920.0000000000000000
443 227 -38433267.0000000000000000
217 228 0.0945936924000000
227 228 0.0010211446500000
228 228 -0.0052804203500000
229 228 0.0017885822400000
239 228 0.0000019689019200
435 228 3435712220.0000000000000000
444 228 -82452006.5999999940395355
218 229 0.0618356337000000
228 229 0.0015069772500000
229 229 -0.0071925859300000
230 229 0.0051807714400000
240 229 0.0000012870657100
436 229 5304347330.0000000000000000
445 229 -127296483.0000000000000000
219 230 0.0495644051000000
229 230 0.0034840903100000
230 230 -0.0157650674000000
231 230 0.0126769551000000
241 230 0.0000010316486200
437 230 6648893040.0000000000000000
446 230 -159563589.0000000000000000
220 231 0.0436263796000000
230 231 0.0090453877200000
231 231 -0.0317727640000000
232 231 0.0204148851000000
242 231 0.0000009080527500
438 231 7574309980.0000000000000000
447 231 -181772226.0000000000000000
221 232 0.0398078381000000
231 232 0.0177412684000000
232 232 -0.0444604954000000
233 232 0.5000000000000000
243 232 0.0000008285724650
439 232 8316904990.0000000000000000
448 232 -199593406.0000000000000000
232 233 0.0228096303000000
233 233 0.5000000000000000
234 234 0.5000000000000000
235 234 0.0846679886000000
224 235 2.1149127100000000
234 235 -0.5000000000000000
235 235 -0.3415886580000000
236 235 0.0009922176740000
246 235 0.0008792058810000
440 235 1988.3986899999999878
449 235 -57.1402841000000024
225 236 0.0067583572300000
235 236 0.1946862420000000
236 236 -0.0039930768700000
237 236 0.0004829853480000
247 236 0.0000028095662800
441 236 751009.5810000000055879
450 236 -21581.6379999999990105
226 237 0.0005189162590000
236 237 0.0028019845600000
237 237 -0.0015630106800000
238 237 0.0005725705720000
248 237 0.0000002157224860
442 237 10443667.5999999996274710
451 237 -300117.9479999999748543
227 238 0.0001452410960000
237 238 0.0010647554600000
238 238 -0.0015979891500000
239 238 0.0008364360000000
249 238 0.0000000603792419
443 238 38433267.0000000000000000
452 238 -1104450.4299999999348074
228 239 0.0000688319570000
238 239 0.0010211446500000
239 239 -0.0023454387300000
240 239 0.0017885822400000
250 239 0.0000000286146379
444 239 82452006.5999999940395355
453 239 -2369409.6600000001490116
229 240 0.0000449952589000
239 240 0.0015069772500000
240 240 -0.0052739966000000
241 240 0.0051807714400000
251 240 0.0000000187053093
445 240 127296483.0000000000000000
454 240 -3658097.9500000001862645
230 241 0.0000360659883000
240 241 0.0034840903100000
241 241 -0.0142272205000000
242 241 0.0126769551000000
252 241 0.0000000149932566
446 241 159563589.0000000000000000
455 241 -4585352.4400000004097819
231 242 0.0000317451302000
241 242 0.0090453877200000
242 242 -0.0304191576000000
243 242 0.0204148851000000
253 242 0.0000000131970010
447 242 181772226.0000000000000000
456 242 -5223558.3499999996274710
232 243 0.0000289665340000
242 243 0.0177412684000000
243 243 -0.0432253678000000
244 243 0.5000000000000000
254 243 0.0000000120418904
448 243 199593406.0000000000000000
457 243 -5735682.6699999999254942
243 244 0.0228096303000000
244 244 0.5000000000000000
245 245 0.5000000000000000
246 245 0.0846679886000000
235 246 0.0017384625400000
245 246 -0.5000000000000000
246 246 -0.2810836240000000
247 246 0.0009922176740000
257 246 0.0008361573770000
449 246 57.1402841000000024
458 246 -55.2543650000000000
236 247 0.0000055553833700
246 247 0.1946862420000000
247 247 -0.0037997286400000
248 247 0.0004829853480000
258 247 0.0000026720016500
450 247 21581.6379999999990105
459 247 -20869.3345000000008440
237 248 0.0000004265502190
247 248 0.0028019845600000
248 248 -0.0015481651300000
249 248 0.0005725705720000
259 248 0.0000002051600780
451 248 300117.9479999999748543
460 248 -290212.5339999999850988
238 249 0.0000001193884760
248 249 0.0010647554600000
249 249 -0.0015938339900000
250 249 0.0008364360000000
260 249 0.0000000574228967
452 249 1104450.4299999999348074
461 249 -1067997.9699999999720603
239 250 0.0000000565800085
249 250 0.0010211446500000
250 250 -0.0023434695300000
251 250 0.0017885822400000
261 250 0.0000000272135811
453 250 2369409.6600000001490116
462 250 -2291207.1299999998882413
240 251 0.0000000369861943
250 251 0.0015069772500000
251 251 -0.0052727093500000
252 251 0.0051807714400000
262 251 0.0000000177894423
454 251 3658097.9500000001862645
463 251 -3537362.1699999999254942
241 252 0.0000000296463157
251 252 0.0034840903100000
252 252 -0.0142261886000000
253 252 0.0126769551000000
263 252 0.0000000142591427
455 252 4585352.4400000004097819
464 252 -4434012.5599999995902181
242 253 0.0000000260945615
252 253 0.0090453877200000
253 253 -0.0304182495000000
254 253 0.0204148851000000
264 253 0.0000000125508371
456 253 5223558.3499999996274710
465 253 -5051154.4400000004097819
243 254 0.0000000238105498
253 254 0.0177412684000000
254 254 -0.0432245391000000
255 254 0.5000000000000000
265 254 0.0000000114522840
457 254 5735682.6699999999254942
466 254 -5546376.0599999995902181
254 255 0.0228096303000000
255 255 0.5000000000000000
256 256 0.5000000000000000
257 256 0.0846679886000000
246 257 0.0008501876280000
256 257 -0.5000000000000000
257 257 -0.2810265450000000
258 257 0.0009922176740000
268 257 0.0008501876280000
458 257 55.2543650000000000
467 257 -55.2543650000000000
247 258 0.0000027168363400
257 258 0.1946862420000000
258 258 -0.0037995462400000
259 258 0.0004829853480000
269 258 0.0000027168363400
459 258 20869.3345000000008440
468 258 -20869.3345000000008440
248 259 0.0000002086025490
258 259 0.0028019845600000
259 259 -0.0015481511200000
260 259 0.0005725705720000
270 259 0.0000002086025490
460 259 290212.5339999999850988
469 259 -290212.5339999999850988
249 260 0.0000000583864207
259 260 0.0010647554600000
260 260 -0.0015938300700000
261 260 0.0008364360000000
271 260 0.0000000583864207
461 260 1067997.9699999999720603
470 260 -1067997.9699999999720603
250 261 0.0000000276702098
260 261 0.0010211446500000
261 261 -0.0023434676700000
262 261 0.0017885822400000
272 261 0.0000000276702098
462 261 2291207.1299999998882413
471 261 -2291207.1299999998882413
251 262 0.0000000180879392
261 262 0.0015069772500000
262 262 -0.0052727081300000
263 262 0.0051807714400000
273 262 0.0000000180879392
463 262 3537362.1699999999254942
472 262 -3537362.1699999999254942
252 263 0.0000000144984031
262 263 0.0034840903100000
263 263 -0.0142261877000000
264 263 0.0126769551000000
274 263 0.0000000144984031
464 263 4434012.5599999995902181
473 263 -4434012.5599999995902181
253 264 0.0000000127614331
263 264 0.0090453877200000
264 264 -0.0304182486000000
265 264 0.0204148851000000
275 264 0.0000000127614331
465 264 5051154.4400000004097819
474 264 -5051154.4400000004097819
254 265 0.0000000116444469
264 265 0.0177412684000000
265 265 -0.0432245384000000
266 265 0.5000000000000000
276 265 0.0000000116444469
466 265 5546376.0599999995902181
475 265 -5546376.0599999995902181
265 266 0.0228096303000000
266 266 0.5000000000000000
267 267 0.5000000000000000
268 267 0.0846679886000000
257 268 0.0008361573770000
267 268 -0.5000000000000000
268 268 -0.2810836240000000
269 268 0.0009922176740000
279 268 0.0017384625400000
467 268 55.2543650000000000
476 268 -57.1402841000000024
258 269 0.0000026720016500
268 269 0.1946862420000000
269 269 -0.0037997286400000
270 269 0.0004829853480000
280 269 0.0000055553833700
468 269 20869.3345000000008440
477 269 -21581.6379999999990105
259 270 0.0000002051600780
269 270 0.0028019845600000
270 270 -0.0015481651300000
271 270 0.0005725705720000
281 270 0.0000004265502190
469 270 290212.5339999999850988
478 270 -300117.9479999999748543
260 271 0.0000000574228967
270 271 0.0010647554600000
271 271 -0.0015938339900000
272 271 0.0008364360000000
282 271 0.0000001193884760
470 271 1067997.9699999999720603
479 271 -1104450.4299999999348074
261 272 0.0000000272135811
271 272 0.0010211446500000
272 272 -0.0023434695300000
273 272 0.0017885822400000
283 272 0.0000000565800085
471 272 2291207.1299999998882413
480 272 -2369409.6600000001490116
262 273 0.0000000177894423
272 273 0.0015069772500000
273 273 -0.0052727093500000
274 273 0.0051807714400000
284 273 0.0000000369861943
472 273 3537362.1699999999254942
481 273 -3658097.9500000001862645
263 274 0.0000000142591427
273 274 0.0034840903100000
274 274 -0.0142261886000000
275 274 0.0126769551000000
285 274 0.0000000296463157
473 274 4434012.5599999995902181
482 274 -4585352.4400000004097819
264 275 0.0000000125508371
274 275 0.0090453877200000
275 275 -0.0304182495000000
276 275 0.0204148851000000
286 275 0.0000000260945615
474 275 5051154.4400000004097819
483 275 -5223558.3499999996274710
265 276 0.0000000114522840
275 276 0.0177412684000000
276 276 -0.0432245391000000
277 276 0.5000000000000000
287 276 0.0000000238105498
475 276 5546376.0599999995902181
484 276 -5735682.6699999999254942
276 277 0.0228096303000000
277 277 0.5000000000000000
278 278 0.5000000000000000
279 278 0.0846679886000000
268 279 0.0008792058810000
278 279 -0.5000000000000000
279 279 -0.3415886580000000
280 279 0.0009922176740000
290 279 2.1149127100000000
476 279 57.1402841000000024
485 279 -1988.3986899999999878
269 280 0.0000028095662800
279 280 0.1946862420000000
280 280 -0.0039930768700000
281 280 0.0004829853480000
291 280 0.0067583572300000
477 280 21581.6379999999990105
486 280 -751009.5810000000055879
270 281 0.0000002157224860
280 281 0.0028019845600000
281 281 -0.0015630106800000
282 281 0.0005725705720000
292 281 0.0005189162590000
478 281 300117.9479999999748543
487 281 -10443667.5999999996274710
271 282 0.0000000603792419
281 282 0.0010647554600000
282 282 -0.0015979891500000
283 282 0.0008364360000000
293 282 0.0001452410960000
479 282 1104450.4299999999348074
488 282 -38433267.0000000000000000
272 283 0.0000000286146379
282 283 0.0010211446500000
283 283 -0.0023454387300000
284 283 0.0017885822400000
294 283 0.0000688319570000
480 283 2369409.6600000001490116
489 283 -82452006.5999999940395355
273 284 0.0000000187053093
283 284 0.0015069772500000
284 284 -0.0052739966000000
285 284 0.0051807714400000
295 284 0.0000449952589000
481 284 3658097.9500000001862645
490 284 -127296483.0000000000000000
274 285 0.0000000149932566
284 285 0.0034840903100000
285 285 -0.0142272205000000
286 285 0.0126769551000000
296 285 0.0000360659883000
482 285 4585352.4400000004097819
491 285 -159563589.0000000000000000
275 286 0.0000000131970010
285 286 0.0090453877200000
286 286 -0.0304191576000000
287 286 0.0204148851000000
297 286 0.0000317451302000
483 286 5223558.3499999996274710
492 286 -181772226.0000000000000000
276 287 0.0000000120418904
286 287 0.0177412684000000
287 287 -0.0432253678000000
288 287 0.5000000000000000
298 287 0.0000289665340000
484 287 5735682.6699999999254942
493 287 -199593406.0000000000000000
287 288 0.0228096303000000
288 288 0.5000000000000000
289 289 0.5000000000000000
290 289 0.0846679886000000
279 290 0.0604959654000000
289 290 -0.5000000000000000
290 290 -90.5210663000000011
291 290 0.0009922176740000
301 290 2906.4610499999998865
485 290 1988.3986899999999878
494 290 -82855.0568999999959487
280 291 0.0001933192530000
290 291 0.1946862420000000
291 291 -0.2921681500000000
292 291 0.0004829853480000
302 291 9.2878074700000006
486 291 751009.5810000000055879
495 291 -31293996.3999999985098839
281 292 0.0000148433266000
291 292 0.0028019845600000
292 292 -0.0236895017000000
293 292 0.0005725705720000
303 292 0.7131310380000000
487 292 10443667.5999999996274710
496 292 -435179665.0000000000000000
282 293 0.0000041545451500
292 293 0.0010647554600000
293 293 -0.0077910420100000
294 293 0.0008364360000000
304 293 0.1996004790000000
488 293 38433267.0000000000000000
497 293 -1601484920.0000000000000000
283 294 0.0000019689019200
293 294 0.0010211446500000
294 294 -0.0052804203500000
295 294 0.0017885822400000
305 294 0.0945936924000000
489 294 82452006.5999999940395355
498 294 -3435712220.0000000000000000
284 295 0.0000012870657100
294 295 0.0015069772500000
295 295 -0.0071925859300000
296 295 0.0051807714400000
306 295 0.0618356337000000
490 295 127296483.0000000000000000
499 295 -5304347330.0000000000000000
285 296 0.0000010316486200
295 296 0.0034840903100000
296 296 -0.0157650674000000
297 296 0.0126769551000000
307 296 0.0495644051000000
491 296 159563589.0000000000000000
500 296 -6648893040.0000000000000000
286 297 0.0000009080527500
296 297 0.0090453877200000
297 297 -0.0317727640000000
298 297 0.0204148851000000
308 297 0.0436263796000000
492 297 181772226.0000000000000000
501 297 -7574309980.0000000000000000
287 298 0.0000008285724650
297 298 0.0177412684000000
298 298 -0.0444604954000000
299 298 0.5000000000000000
309 298 0.0398078381000000
493 298 199593406.0000000000000000
502 298 -8316904990.0000000000000000
298 299 0.0228096303000000
299 299 0.5000000000000000
300 300 0.5000000000000000
301 300 0.0846679886000000
311 300 0.5000000000000000
290 301 88.1267993999999959
300 301 -0.5000000000000000
301 301 -12800.2726000000002387
302 301 0.0009922176740000
312 301 0.5000000000000000
494 301 82855.0568999999959487
503 301 -282036.8690000000060536
291 302 0.2816155910000000
301 302 0.1946862420000000
302 302 -40.9071027000000029
303 302 0.0004829853480000
313 302 0.5000000000000000
495 302 31293996.3999999985098839
504 302 -106524105.0000000000000000
292 303 0.0216228447000000
302 303 0.0028019845600000
303 303 -3.1421618100000002
304 303 0.0005725705720000
314 303 0.5000000000000000
496 303 435179665.0000000000000000
505 303 -1481342410.0000000000000000
293 304 0.0060520856900000
303 304 0.0010647554600000
304 304 -0.8806300210000000
305 304 0.0008364360000000
315 304 0.5000000000000000
497 304 1601484920.0000000000000000
506 304 -5451420930.0000000000000000
294 305 0.0028681751400000
304 305 0.0010211446500000
305 305 -0.4189320420000000
306 305 0.0017885822400000
316 305 0.5000000000000000
498 305 3435712220.0000000000000000
507 305 -11695092100.0000000000000000
295 306 0.0018749181200000
305 306 0.0015069772500000
306 306 -0.2775955010000000
307 306 0.0051807714400000
317 306 0.5000000000000000
499 306 5304347330.0000000000000000
508 306 -18055886600.0000000000000000
296 307 0.0015028422200000
306 307 0.0034840903100000
307 307 -0.2325067560000000
308 307 0.0126769551000000
318 307 0.5000000000000000
500 307 6648893040.0000000000000000
509 307 -22632691900.0000000000000000
297 308 0.0013227953600000
307 308 0.0090453877200000
308 308 -0.2225478800000000
309 308 0.0204148851000000
319 308 0.5000000000000000
501 308 7574309980.0000000000000000
510 308 -25782791700.0000000000000000
298 309 0.0012070133700000
308 309 0.0177412684000000
309 309 -0.2185373960000000
310 309 0.5000000000000000
320 309 0.5000000000000000
502 309 8316904990.0000000000000000
309 310 0.0228096303000000
310 310 0.5000000000000000
321 310 0.5000000000000000
311 311 0.5000000000000000
301 312 9893.5322199999991426
312 312 0.5000000000000000
503 312 282036.8690000000060536
302 313 31.6155010999999995
313 313 0.5000000000000000
504 313 106524105.0000000000000000
303 314 2.4274830399999998
314 314 0.5000000000000000
505 314 1481342410.0000000000000000
304 315 0.6794358270000000
315 315 0.5000000000000000
506 315 5451420930.0000000000000000
305 316 0.3219949370000000
316 316 0.5000000000000000
507 316 11695092100.0000000000000000
306 317 0.2104871950000000
317 317 0.5000000000000000
508 317 18055886600.0000000000000000
307 318 0.1687161910000000
318 318 0.5000000000000000
509 318 22632691900.0000000000000000
308 319 0.1485032770000000
319 319 0.5000000000000000
510 319 25782791700.0000000000000000
309 320 0.1355050430000000
320 320 0.5000000000000000
321 321 0.5000000000000000
322 322 1.0000000000000000
323 323 1.0000000000000000
333 323 93.9651137999999975
324 324 1.0000000000000000
334 324 1.8974795000000000
325 325 1.0000000000000000
335 325 0.3274656170000000
326 326 1.0000000000000000
336 326 0.1247085970000000
327 327 1.0000000000000000
337 327 0.0703768375000000
328 328 1.0000000000000000
338 328 0.0517705803000000
329 329 1.0000000000000000
339 329 0.0439406762000000
330 330 1.0000000000000000
340 330 0.0395584790000000
331 331 1.0000000000000000
332 332 1.0000000000000000
333 332 0.0046244008600000
12 333 -0.8186182050000000
332 333 -1.0000000000000000
333 333 -114.5017179999999968
334 333 0.0005452538680000
343 333 0.0759945696000000
13 334 -0.9132164920000000
333 334 0.0128987976000000
334 334 -2.3137690000000002
335 334 0.0005104103170000
344 334 0.0015345922700000
14 335 -0.9527442739999999
334 335 0.0013932956700000
335 335 -0.4004722270000000
336 335 0.0006695682550000
345 335 0.0002648388070000
15 336 -0.9737816780000000
335 336 0.0009878164180000
336 336 -0.1537792450000000
337 336 0.0011551519700000
346 336 0.0001008584540000
16 337 -0.9860370389999999
336 337 0.0011685717900000
337 337 -0.0890932081000000
338 337 0.0030153053600000
347 337 0.0000569174799000
17 338 -0.9925518330000000
337 338 0.0021930896000000
338 338 -0.0717921927000000
339 338 0.0084794809200000
348 338 0.0000418696132000
18 339 -0.9960137240000000
338 339 0.0057012102600000
339 339 -0.0753241441000000
340 339 0.0170150599000000
349 339 0.0000355371546000
19 340 -0.9982253930000000
339 340 0.0133086995000000
340 340 -0.0864584889000000
350 340 0.0000319930394000
340 341 0.0212465991000000
341 341 1.0000000000000000
342 342 1.0000000000000000
343 342 0.0046244008600000
22 343 -0.8186182050000000
333 343 20.5190805000000012
342 343 -1.0000000000000000
343 343 -0.0937494811000000
344 343 0.0005452538680000
353 343 0.0000769353797000
23 344 -0.9132164920000000
334 344 0.4143509550000000
343 344 0.0128987976000000
344 344 -0.0034778208900000
345 344 0.0005104103170000
354 344 0.0000015535904700
24 345 -0.9527442739999999
335 345 0.0715083833000000
344 345 0.0013932956700000
345 345 -0.0017638730600000
346 345 0.0006695682550000
355 345 0.0000002681175020
25 346 -0.9737816780000000
336 346 0.0272325083000000
345 346 0.0009878164180000
346 346 -0.0019393060200000
347 346 0.0011551519700000
356 346 0.0000001021070790
26 347 -0.9860370389999999
337 347 0.0153681291000000
346 347 0.0011685717900000
347 347 -0.0034053325900000
348 347 0.0030153053600000
357 347 0.0000000576221163
27 348 -0.9925518330000000
338 348 0.0113050968000000
347 348 0.0021930896000000
348 348 -0.0087585129000000
349 348 0.0084794809200000
358 348 0.0000000423879575
28 349 -0.9960137240000000
339 349 0.0095952874200000
348 349 0.0057012102600000
349 349 -0.0218238259000000
350 349 0.0170150599000000
359 349 0.0000000359771034
29 350 -0.9982253930000000
340 350 0.0086383508100000
349 350 0.0133086995000000
350 350 -0.0382937496000000
360 350 0.0000000323891121
350 351 0.0212465991000000
351 351 1.0000000000000000
352 352 1.0000000000000000
353 352 0.0046244008600000
32 353 -0.8186182050000000
343 353 0.0002317130620000
352 353 -1.0000000000000000
353 353 -0.0176382024000000
354 353 0.0005452538680000
363 353 0.0000284396301000
33 354 -0.9132164920000000
344 354 0.0000046790853100
353 354 0.0128987976000000
354 354 -0.0019408718600000
355 354 0.0005104103170000
364 354 0.0000005742941490
34 355 -0.9527442739999999
345 355 0.0000008075131060
354 355 0.0013932956700000
355 355 -0.0014986275200000
356 355 0.0006695682550000
365 355 0.0000000991112623
35 356 -0.9737816780000000
346 356 0.0000003075248860
355 356 0.0009878164180000
356 356 -0.0018382926800000
357 356 0.0011551519700000
366 356 0.0000000377445015
36 357 -0.9860370389999999
347 357 0.0000001735456050
356 357 0.0011685717900000
357 357 -0.0033483276900000
358 357 0.0030153053600000
367 357 0.0000000213003651
37 358 -0.9925518330000000
348 358 0.0000001276635470
357 358 0.0021930896000000
358 358 -0.0087165789800000
359 358 0.0084794809200000
368 358 0.0000000156689658
38 359 -0.9960137240000000
349 359 0.0000001083554120
358 359 0.0057012102600000
359 359 -0.0217882342000000
360 359 0.0170150599000000
369 359 0.0000000132991547
39 360 -0.9982253930000000
350 360 0.0000000975491427
359 360 0.0133086995000000
360 360 -0.0382617075000000
370 360 0.0000000119728319
360 361 0.0212465991000000
361 361 1.0000000000000000
362 362 1.0000000000000000
363 362 0.0046244008600000
42 363 -0.8186182050000000
353 363 0.0000380685172000
362 363 -1.0000000000000000
363 363 -0.0175800518000000
364 363 0.0005452538680000
373 363 0.0000284136537000
43 364 -0.9132164920000000
354 364 0.0000007687345640
363 364 0.0128987976000000
364 364 -0.0019396976000000
365 364 0.0005104103170000
374 364 0.0000005737695940
44 365 -0.9527442739999999
355 365 0.0000001326676460
364 365 0.0013932956700000
365 365 -0.0014984248700000
366 365 0.0006695682550000
375 365 0.0000000990207350
45 366 -0.9737816780000000
356 366 0.0000000505237654
365 366 0.0009878164180000
366 366 -0.0018382155000000
367 366 0.0011551519700000
376 366 0.0000000377100260
46 367 -0.9860370389999999
357 367 0.0000000285120907
366 367 0.0011685717900000
367 367 -0.0033482841400000
368 367 0.0030153053600000
377 367 0.0000000212809095
47 368 -0.9925518330000000
358 368 0.0000000209740524
367 368 0.0021930896000000
368 368 -0.0087165469400000
369 368 0.0084794809200000
378 368 0.0000000156546539
48 369 -0.9960137240000000
359 369 0.0000000178018875
368 369 0.0057012102600000
369 369 -0.0217882070000000
370 369 0.0170150599000000
379 369 0.0000000132870073
49 370 -0.9982253930000000
360 370 0.0000000160265079
369 370 0.0133086995000000
370 370 -0.0382616830000000
380 370 0.0000000119618960
370 371 0.0212465991000000
371 371 1.0000000000000000
372 372 1.0000000000000000
373 372 0.0046244008600000
52 373 -0.8186182050000000
363 373 0.0000284136537000
372 373 -1.0000000000000000
373 373 -0.0175800518000000
374 373 0.0005452538680000
383 373 0.0000380685172000
53 374 -0.9132164920000000
364 374 0.0000005737695940
373 374 0.0128987976000000
374 374 -0.0019396976000000
375 374 0.0005104103170000
384 374 0.0000007687345640
54 375 -0.9527442739999999
365 375 0.0000000990207350
374 375 0.0013932956700000
375 375 -0.0014984248700000
376 375 0.0006695682550000
385 375 0.0000001326676460
55 376 -0.9737816780000000
366 376 0.0000000377100260
375 376 0.0009878164180000
376 376 -0.0018382155000000
377 376 0.0011551519700000
386 376 0.0000000505237654
56 377 -0.9860370389999999
367 377 0.0000000212809095
376 377 0.0011685717900000
377 377 -0.0033482841400000
378 377 0.0030153053600000
387 377 0.0000000285120907
57 378 -0.9925518330000000
368 378 0.0000000156546539
377 378 0.0021930896000000
378 378 -0.0087165469400000
379 378 0.0084794809200000
388 378 0.0000000209740524
58 379 -0.9960137240000000
369 379 0.0000000132870073
378 379 0.0057012102600000
379 379 -0.0217882070000000
380 379 0.0170150599000000
389 379 0.0000000178018875
59 380 -0.9982253930000000
370 380 0.0000000119618960
379 380 0.0133086995000000
380 380 -0.0382616830000000
390 380 0.0000000160265079
380 381 0.0212465991000000
381 381 1.0000000000000000
382 382 1.0000000000000000
383 382 0.0046244008600000
62 383 -0.8186182050000000
373 383 0.0000284396301000
382 383 -1.0000000000000000
383 383 -0.0176382024000000
384 383 0.0005452538680000
393 383 0.0002317130620000
63 384 -0.9132164920000000
374 384 0.0000005742941490
383 384 0.0128987976000000
384 384 -0.0019408718600000
385 384 0.0005104103170000
394 384 0.0000046790853100
64 385 -0.9527442739999999
375 385 0.0000000991112623
384 385 0.0013932956700000
385 385 -0.0014986275200000
386 385 0.0006695682550000
395 385 0.0000008075131060
65 386 -0.9737816780000000
376 386 0.0000000377445015
385 386 0.0009878164180000
386 386 -0.0018382926800000
387 386 0.0011551519700000
396 386 0.0000003075248860
66 387 -0.9860370389999999
377 387 0.0000000213003651
386 387 0.0011685717900000
387 387 -0.0033483276900000
388 387 0.0030153053600000
397 387 0.0000001735456050
67 388 -0.9925518330000000
378 388 0.0000000156689658
387 388 0.0021930896000000
388 388 -0.0087165789800000
389 388 0.0084794809200000
398 388 0.0000001276635470
68 389 -0.9960137240000000
379 389 0.0000000132991547
388 389 0.0057012102600000
389 389 -0.0217882342000000
390 389 0.0170150599000000
399 389 0.0000001083554120
69 390 -0.9982253930000000
380 390 0.0000000119728319
389 390 0.0133086995000000
390 390 -0.0382617075000000
400 390 0.0000000975491427
390 391 0.0212465991000000
391 391 1.0000000000000000
392 392 1.0000000000000000
393 392 0.0046244008600000
72 393 -0.8186182050000000
383 393 0.0000769353797000
392 393 -1.0000000000000000
393 393 -0.0937494811000000
394 393 0.0005452538680000
403 393 20.5190805000000012
73 394 -0.9132164920000000
384 394 0.0000015535904700
393 394 0.0128987976000000
394 394 -0.0034778208900000
395 394 0.0005104103170000
404 394 0.4143509550000000
74 395 -0.9527442739999999
385 395 0.0000002681175020
394 395 0.0013932956700000
395 395 -0.0017638730600000
396 395 0.0006695682550000
405 395 0.0715083833000000
75 396 -0.9737816780000000
386 396 0.0000001021070790
395 396 0.0009878164180000
396 396 -0.0019393060200000
397 396 0.0011551519700000
406 396 0.0272325083000000
76 397 -0.9860370389999999
387 397 0.0000000576221163
396 397 0.0011685717900000
397 397 -0.0034053325900000
398 397 0.0030153053600000
407 397 0.0153681291000000
77 398 -0.9925518330000000
388 398 0.0000000423879575
397 398 0.0021930896000000
398 398 -0.0087585129000000
399 398 0.0084794809200000
408 398 0.0113050968000000
78 399 -0.9960137240000000
389 399 0.0000000359771034
398 399 0.0057012102600000
399 399 -0.0218238259000000
400 399 0.0170150599000000
409 399 0.0095952874200000
79 400 -0.9982253930000000
390 400 0.0000000323891121
399 400 0.0133086995000000
400 400 -0.0382937496000000
410 400 0.0086383508100000
400 401 0.0212465991000000
401 401 1.0000000000000000
402 402 1.0000000000000000
403 402 0.0046244008600000
82 403 -0.8186182050000000
393 403 0.0759945696000000
402 403 -1.0000000000000000
403 403 -114.5017179999999968
404 403 0.0005452538680000
83 404 -0.9132164920000000
394 404 0.0015345922700000
403 404 0.0128987976000000
404 404 -2.3137690000000002
405 404 0.0005104103170000
84 405 -0.9527442739999999
395 405 0.0002648388070000
404 405 0.0013932956700000
405 405 -0.4004722270000000
406 405 0.0006695682550000
85 406 -0.9737816780000000
396 406 0.0001008584540000
405 406 0.0009878164180000
406 406 -0.1537792450000000
407 406 0.0011551519700000
86 407 -0.9860370389999999
397 407 0.0000569174799000
406 407 0.0011685717900000
407 407 -0.0890932081000000
408 407 0.0030153053600000
87 408 -0.9925518330000000
398 408 0.0000418696132000
407 408 0.0021930896000000
408 408 -0.0717921927000000
409 408 0.0084794809200000
88 409 -0.9960137240000000
399 409 0.0000355371546000
408 409 0.0057012102600000
409 409 -0.0753241441000000
410 409 0.0170150599000000
89 410 -0.9982253930000000
400 410 0.0000319930394000
409 410 0.0133086995000000
410 410 -0.0864584889000000
410 411 0.0212465991000000
411 411 1.0000000000000000
412 412 1.0000000000000000
403 413 93.9651137999999975
413 413 1.0000000000000000
404 414 1.8974795000000000
414 414 1.0000000000000000
405 415 0.3274656170000000
415 415 1.0000000000000000
406 416 0.1247085970000000
416 416 1.0000000000000000
407 417 0.0703768375000000
417 417 1.0000000000000000
408 418 0.0517705803000000
418 418 1.0000000000000000
409 419 0.0439406762000000
419 419 1.0000000000000000
410 420 0.0395584790000000
420 420 1.0000000000000000
421 421 1.0000000000000000
213 422 25.4483998999999983
214 423 25.4483998999999983
215 424 25.4483998999999983
216 425 25.4483998999999983
217 426 25.4483998999999983
218 427 25.4483998999999983
219 428 25.4483998999999983
220 429 25.4483998999999983
221 430 25.4483998999999983
12 431 0.1395649920000000
213 431 -25.4483998999999983
224 431 5.5571450599999999
12 432 -0.1395649920000000
13 432 0.3532994220000000
214 432 -25.4483998999999983
225 432 5.5571450599999999
13 433 -0.3532994220000000
14 433 0.7465454340000000
215 433 -25.4483998999999983
226 433 5.5571450599999999
14 434 -0.7465454340000000
15 434 1.3026544700000000
216 434 -25.4483998999999983
227 434 5.5571450599999999
15 435 -1.3026544700000000
16 435 2.3177766499999999
217 435 -25.4483998999999983
228 435 5.5571450599999999
16 436 -2.3177766499999999
17 436 4.4853062899999996
218 436 -25.4483998999999983
229 436 5.5571450599999999
17 437 -4.4853062899999996
18 437 7.8039186300000001
219 437 -25.4483998999999983
230 437 5.5571450599999999
18 438 -7.8039186300000001
19 438 10.8973063000000003
220 438 -25.4483998999999983
231 438 5.5571450599999999
19 439 -10.8973063000000003
221 439 -25.4483998999999983
232 439 5.5571450599999999
22 440 0.1395649920000000
224 440 -5.5571450599999999
235 440 0.0169441462000000
22 441 -0.1395649920000000
23 441 0.3532994220000000
225 441 -5.5571450599999999
236 441 0.0169441462000000
23 442 -0.3532994220000000
24 442 0.7465454340000000
226 442 -5.5571450599999999
237 442 0.0169441462000000
24 443 -0.7465454340000000
25 443 1.3026544700000000
227 443 -5.5571450599999999
238 443 0.0169441462000000
25 444 -1.3026544700000000
26 444 2.3177766499999999
228 444 -5.5571450599999999
239 444 0.0169441462000000
26 445 -2.3177766499999999
27 445 4.4853062899999996
229 445 -5.5571450599999999
240 445 0.0169441462000000
27 446 -4.4853062899999996
28 446 7.8039186300000001
230 446 -5.5571450599999999
241 446 0.0169441462000000
28 447 -7.8039186300000001
29 447 10.8973063000000003
231 447 -5.5571450599999999
242 447 0.0169441462000000
29 448 -10.8973063000000003
232 448 -5.5571450599999999
243 448 0.0169441462000000
32 449 0.1395649920000000
235 449 -0.0169441462000000
246 449 0.0083841598300000
32 450 -0.1395649920000000
33 450 0.3532994220000000
236 450 -0.0169441462000000
247 450 0.0083841598300000
33 451 -0.3532994220000000
34 451 0.7465454340000000
237 451 -0.0169441462000000
248 451 0.0083841598300000
34 452 -0.7465454340000000
35 452 1.3026544700000000
238 452 -0.0169441462000000
249 452 0.0083841598300000
35 453 -1.3026544700000000
36 453 2.3177766499999999
239 453 -0.0169441462000000
250 453 0.0083841598300000
36 454 -2.3177766499999999
37 454 4.4853062899999996
240 454 -0.0169441462000000
251 454 0.0083841598300000
37 455 -4.4853062899999996
38 455 7.8039186300000001
241 455 -0.0169441462000000
252 455 0.0083841598300000
38 456 -7.8039186300000001
39 456 10.8973063000000003
242 456 -0.0169441462000000
253 456 0.0083841598300000
39 457 -10.8973063000000003
243 457 -0.0169441462000000
254 457 0.0083841598300000
42 458 0.1395649920000000
246 458 -0.0083841598300000
257 458 0.0083765018200000
42 459 -0.1395649920000000
43 459 0.3532994220000000
247 459 -0.0083841598300000
258 459 0.0083765018200000
43 460 -0.3532994220000000
44 460 0.7465454340000000
248 460 -0.0083841598300000
259 460 0.0083765018200000
44 461 -0.7465454340000000
45 461 1.3026544700000000
249 461 -0.0083841598300000
260 461 0.0083765018200000
45 462 -1.3026544700000000
46 462 2.3177766499999999
250 462 -0.0083841598300000
261 462 0.0083765018200000
46 463 -2.3177766499999999
47 463 4.4853062899999996
251 463 -0.0083841598300000
262 463 0.0083765018200000
47 464 -4.4853062899999996
48 464 7.8039186300000001
252 464 -0.0083841598300000
263 464 0.0083765018200000
48 465 -7.8039186300000001
49 465 10.8973063000000003
253 465 -0.0083841598300000
264 465 0.0083765018200000
49 466 -10.8973063000000003
254 466 -0.0083841598300000
265 466 0.0083765018200000
52 467 0.1395649920000000
257 467 -0.0083765018200000
268 467 0.0083841598300000
52 468 -0.1395649920000000
53 468 0.3532994220000000
258 468 -0.0083765018200000
269 468 0.0083841598300000
53 469 -0.3532994220000000
54 469 0.7465454340000000
259 469 -0.0083765018200000
270 469 0.0083841598300000
54 470 -0.7465454340000000
55 470 1.3026544700000000
260 470 -0.0083765018200000
271 470 0.0083841598300000
55 471 -1.3026544700000000
56 471 2.3177766499999999
261 471 -0.0083765018200000
272 471 0.0083841598300000
56 472 -2.3177766499999999
57 472 4.4853062899999996
262 472 -0.0083765018200000
273 472 0.0083841598300000
57 473 -4.4853062899999996
58 473 7.8039186300000001
263 473 -0.0083765018200000
274 473 0.0083841598300000
58 474 -7.8039186300000001
59 474 10.8973063000000003
264 474 -0.0083765018200000
275 474 0.0083841598300000
59 475 -10.8973063000000003
265 475 -0.0083765018200000
276 475 0.0083841598300000
62 476 0.1395649920000000
268 476 -0.0083841598300000
279 476 0.0169441462000000
62 477 -0.1395649920000000
63 477 0.3532994220000000
269 477 -0.0083841598300000
280 477 0.0169441462000000
63 478 -0.3532994220000000
64 478 0.7465454340000000
270 478 -0.0083841598300000
281 478 0.0169441462000000
64 479 -0.7465454340000000
65 479 1.3026544700000000
271 479 -0.0083841598300000
282 479 0.0169441462000000
65 480 -1.3026544700000000
66 480 2.3177766499999999
272 480 -0.0083841598300000
283 480 0.0169441462000000
66 481 -2.3177766499999999
67 481 4.4853062899999996
273 481 -0.0083841598300000
284 481 0.0169441462000000
67 482 -4.4853062899999996
68 482 7.8039186300000001
274 482 -0.0083841598300000
285 482 0.0169441462000000
68 483 -7.8039186300000001
69 483 10.8973063000000003
275 483 -0.0083841598300000
286 483 0.0169441462000000
69 484 -10.8973063000000003
276 484 -0.0083841598300000
287 484 0.0169441462000000
72 485 0.1395649920000000
279 485 -0.0169441462000000
290 485 5.5571450599999999
72 486 -0.1395649920000000
73 486 0.3532994220000000
280 486 -0.0169441462000000
291 486 5.5571450599999999
73 487 -0.3532994220000000
74 487 0.7465454340000000
281 487 -0.0169441462000000
292 487 5.5571450599999999
74 488 -0.7465454340000000
75 488 1.3026544700000000
282 488 -0.0169441462000000
293 488 5.5571450599999999
75 489 -1.3026544700000000
76 489 2.3177766499999999
283 489 -0.0169441462000000
294 489 5.5571450599999999
76 490 -2.3177766499999999
77 490 4.4853062899999996
284 490 -0.0169441462000000
295 490 5.5571450599999999
77 491 -4.4853062899999996
78 491 7.8039186300000001
285 491 -0.0169441462000000
296 491 5.5571450599999999
78 492 -7.8039186300000001
79 492 10.8973063000000003
286 492 -0.0169441462000000
297 492 5.5571450599999999
79 493 -10.8973063000000003
287 493 -0.0169441462000000
298 493 5.5571450599999999
82 494 0.1395649920000000
290 494 -5.5571450599999999
301 494 25.4483998999999983
82 495 -0.1395649920000000
83 495 0.3532994220000000
291 495 -5.5571450599999999
302 495 25.4483998999999983
83 496 -0.3532994220000000
84 496 0.7465454340000000
292 496 -5.5571450599999999
303 496 25.4483998999999983
84 497 -0.7465454340000000
85 497 1.3026544700000000
293 497 -5.5571450599999999
304 497 25.4483998999999983
85 498 -1.3026544700000000
86 498 2.3177766499999999
294 498 -5.5571450599999999
305 498 25.4483998999999983
86 499 -2.3177766499999999
87 499 4.4853062899999996
295 499 -5.5571450599999999
306 499 25.4483998999999983
87 500 -4.4853062899999996
88 500 7.8039186300000001
296 500 -5.5571450599999999
307 500 25.4483998999999983
88 501 -7.8039186300000001
89 501 10.8973063000000003
297 501 -5.5571450599999999
308 501 25.4483998999999983
89 502 -10.8973063000000003
298 502 -5.5571450599999999
309 502 25.4483998999999983
301 503 -25.4483998999999983
302 504 -25.4483998999999983
303 505 -25.4483998999999983
304 506 -25.4483998999999983
305 507 -25.4483998999999983
306 508 -25.4483998999999983
307 509 -25.4483998999999983
308 510 -25.4483998999999983
309 511 -25.4483998999999983
511 511 1.0000000000000000
