131 131 536
1 1 1.0000000000000000
9 1 -6.3869481600000002
32 1 0.0635540206000000
2 2 1.0000000000000000
3 3 0.5000000000000000
4 4 1.0000000000000000
5 5 1.0000000000000000
9 5 1383420.1599999999161810
14 5 -8239951.5199999995529652
30 5 0.0000875154509000
32 5 0.0635540206000000
37 5 0.0003318036050000
6 6 1.0000000000000000
31 6 0.0000875154509000
7 7 0.5000000000000000
9 7 -4472940.1799999997019768
32 7 0.0395763444000000
8 8 1.0000000000000000
33 8 0.0000875154509000
32 9 2.2369264499999999
10 10 1.0000000000000000
14 10 104873667.0000000000000000
19 10 -395116227.0000000000000000
35 10 0.0000072825711700
37 10 0.0003318036050000
42 10 0.0000902895410000
11 11 1.0000000000000000
36 11 0.0000072825711700
12 12 0.5000000000000000
14 12 -1134412380.0000000000000000
37 12 0.0001795625560000
13 13 1.0000000000000000
38 13 0.0000072825711700
37 14 2.2369264499999999
15 15 1.0000000000000000
19 15 794563563.0000000000000000
24 15 -2463372000.0000000000000000
40 15 0.0000036750853600
42 15 0.0000902895410000
47 15 0.0000641337883000
16 16 1.0000000000000000
41 16 0.0000036750853600
17 17 0.5000000000000000
19 17 -4420516180.0000000000000000
42 17 0.0000474507342000
18 18 1.0000000000000000
43 18 0.0000036750853600
42 19 2.2369264499999999
20 20 1.0000000000000000
24 20 3092466360.0000000000000000
47 20 0.0000641337883000
21 21 1.0000000000000000
22 22 0.5000000000000000
24 22 -6316384470.0000000000000000
47 22 0.0000334556810000
23 23 1.0000000000000000
47 24 2.2369264499999999
25 25 0.5000000000000000
26 26 1.0000000000000000
30 26 0.0000751080574000
32 26 -0.0635540206000000
34 26 -6.3869481600000002
57 26 0.0001194993100000
27 27 1.0000000000000000
31 27 0.0000237363288000
3 28 0.5000000000000000
28 28 0.5000000000000000
32 28 0.0004568535740000
29 29 1.0000000000000000
33 29 0.0000298578421000
30 30 -0.0003139445860000
31 30 -2.0000000000000000
32 30 -0.0635540206000000
33 30 2.6028875100000000
34 30 1383420.1599999999161810
35 30 0.0001230142580000
37 30 -0.0003318036050000
39 30 -8239951.5199999995529652
55 30 0.0000000824314487
57 30 0.0001194993100000
62 30 0.0000006238834520
27 31 -1.0000000000000000
30 31 2.0000000000000000
31 31 -0.0003139445860000
36 31 0.0000867447750000
56 31 0.0000000824314487
7 32 0.5000000000000000
9 32 4472940.1799999997019768
28 32 -0.5000000000000000
32 32 -0.0427129469000000
34 32 -4267.7497000000003027
37 32 0.0000402971055000
57 32 0.0000105417975000
29 33 -1.0000000000000000
30 33 -0.9260440290000000
33 33 -0.0003221761570000
38 33 0.0000883856876000
58 33 0.0000000824314487
30 34 0.1666221610000000
32 34 -2.2369264499999999
57 34 0.0042060465100000
30 35 0.0001168648310000
35 35 -0.0004353041550000
36 35 -2.0000000000000000
37 35 -0.0003318036050000
38 35 2.7567488400000002
39 35 104873667.0000000000000000
40 35 0.0006813551120000
42 35 -0.0000902895410000
44 35 -395116227.0000000000000000
60 35 0.0000000068595075
62 35 0.0000006238834520
67 35 0.0000001697695550
31 36 0.0002008391260000
35 36 2.0000000000000000
36 36 -0.0004353041550000
41 36 0.0006114758760000
61 36 0.0000000068595075
12 37 0.5000000000000000
14 37 1134412380.0000000000000000
32 37 0.0026419880300000
37 37 -0.0004079379360000
39 37 -1082372.6499999999068677
42 37 0.0002071246970000
62 37 0.0000000478293822
33 38 0.0002046383110000
35 38 -0.9807841420000000
38 38 -0.0004385835770000
43 38 0.0006146785360000
63 38 0.0000000068595075
30 39 -0.1666221610000000
35 39 0.7336010650000000
37 39 -2.2369264499999999
62 39 0.0042060465100000
35 40 0.0003021325090000
40 40 -0.0025338261500000
41 40 -2.0000000000000000
42 40 -0.0000902895410000
43 40 2.7975874599999999
44 40 794563563.0000000000000000
47 40 -0.0000641337883000
49 40 -2463372000.0000000000000000
65 40 0.0000000034615900
67 40 0.0000001697695550
72 40 0.0000001205894350
36 41 0.0003411150050000
40 41 2.0000000000000000
41 41 -0.0025338261500000
66 41 0.0000000034615900
17 42 0.5000000000000000
19 42 4420516180.0000000000000000
37 42 0.0001879069490000
42 42 -0.0010698190600000
44 42 -4217730.5800000000745058
47 42 0.0017996177300000
67 42 0.0000000126392682
38 43 0.0003429016250000
40 43 -0.9953135290000000
43 43 -0.0025382309400000
68 43 0.0000000034615900
35 44 -0.7336010650000000
40 44 2.8451481799999998
42 44 -2.2369264499999999
67 44 0.0042060465100000
40 45 0.0018473529800000
45 45 1.0000000000000000
47 45 -0.0000641337883000
49 45 3092466360.0000000000000000
72 45 0.0000001205894350
41 46 0.0019186013200000
46 46 1.0000000000000000
22 47 0.5000000000000000
24 47 6316384470.0000000000000000
42 47 0.0008151983550000
47 47 -0.0051414073100000
49 47 -6026628.3200000002980232
50 47 0.5000000000000000
72 47 0.0000000089114601
43 48 0.0019198704100000
48 48 1.0000000000000000
40 49 -2.8451481799999998
47 49 -2.2369264499999999
72 49 0.0042060465100000
25 50 0.5000000000000000
47 50 0.0033083019800000
50 50 0.5000000000000000
51 51 1.0000000000000000
55 51 0.0000751080574000
57 51 -0.0001194993100000
59 51 -6.3869481600000002
82 51 0.0001194993100000
52 52 1.0000000000000000
56 52 0.0000237363288000
53 53 0.5000000000000000
57 53 0.0004568535740000
54 54 1.0000000000000000
58 54 0.0000298578421000
30 55 0.0000001645534910
55 55 -0.0002264294440000
56 55 -2.0000000000000000
57 55 -0.0001194993100000
58 55 2.6028875100000000
59 55 1383420.1599999999161810
60 55 0.0001230142580000
62 55 -0.0000006238834520
64 55 -8239951.5199999995529652
80 55 0.0000001645534910
82 55 0.0001194993100000
87 55 0.0000006238834520
31 56 0.0000001645534910
52 56 -1.0000000000000000
55 56 2.0000000000000000
56 56 -0.0002264294440000
61 56 0.0000867447750000
81 56 0.0000001645534910
32 57 0.0000377608296000
34 57 4267.7497000000003027
53 57 -0.5000000000000000
57 57 -0.0031134607900000
59 57 -1650.6935599999999340
62 57 0.0000402971055000
82 57 0.0000040773893700
33 58 0.0000001645534910
54 58 -1.0000000000000000
55 58 -0.9260440290000000
58 58 -0.0002346610160000
63 58 0.0000883856876000
83 58 0.0000001645534910
55 59 0.1666221610000000
57 59 -0.0042060465100000
82 59 0.0042060465100000
35 60 0.0000000136932678
55 60 0.0001168648310000
60 60 -0.0004280216090000
61 60 -2.0000000000000000
62 60 -0.0000006238834520
63 60 2.7567488400000002
64 60 104873667.0000000000000000
65 60 0.0006813551120000
67 60 -0.0000001697695550
69 60 -395116227.0000000000000000
85 60 0.0000000136932678
87 60 0.0000006238834520
92 60 0.0000001697695550
36 61 0.0000000136932678
56 61 0.0002008391260000
60 61 2.0000000000000000
61 61 -0.0004280216090000
66 61 0.0006114758760000
86 61 0.0000000136932678
37 62 0.0000001713253500
39 62 1082372.6499999999068677
57 62 0.0026419880300000
62 62 -0.0002282703840000
64 62 -418643.4720000000088476
67 62 0.0002071246970000
87 62 0.0000000184995978
38 63 0.0000000136932678
58 63 0.0002046383110000
60 63 -0.9807841420000000
63 63 -0.0004313010320000
68 63 0.0006146785360000
88 63 0.0000000136932678
55 64 -0.1666221610000000
60 64 0.7336010650000000
62 64 -0.0042060465100000
87 64 0.0042060465100000
40 65 0.0000000069101869
60 65 0.0003021325090000
65 65 -0.0025301510800000
66 65 -2.0000000000000000
67 65 -0.0000001697695550
68 65 2.7975874599999999
69 65 794563563.0000000000000000
72 65 -0.0000001205894350
74 65 -2463372000.0000000000000000
90 65 0.0000000069101869
92 65 0.0000001697695550
97 65 0.0000001205894350
41 66 0.0000000069101869
61 66 0.0003411150050000
65 66 2.0000000000000000
66 66 -0.0025301510800000
91 66 0.0000000069101869
42 67 0.0000000452739918
44 67 4217730.5800000000745058
62 67 0.0001879069490000
67 67 -0.0010223405800000
69 67 -1631347.0100000000093132
72 67 0.0017996177300000
92 67 0.0000000048886556
43 68 0.0000000069101869
63 68 0.0003429016250000
65 68 -0.9953135290000000
68 68 -0.0025345558700000
93 68 0.0000000069101869
60 69 -0.7336010650000000
65 69 2.8451481799999998
67 69 -0.0042060465100000
92 69 0.0042060465100000
65 70 0.0018473529800000
70 70 1.0000000000000000
72 70 -0.0000001205894350
74 70 3092466360.0000000000000000
97 70 0.0000001205894350
66 71 0.0019186013200000
71 71 1.0000000000000000
47 72 0.0000000319209439
49 72 6026628.3200000002980232
67 72 0.0008151983550000
72 72 -0.0051079320600000
74 72 -2330998.1200000001117587
75 72 0.5000000000000000
97 72 0.0000000034468024
68 73 0.0019198704100000
73 73 1.0000000000000000
65 74 -2.8451481799999998
72 74 -0.0042060465100000
97 74 0.0042060465100000
72 75 0.0033083019800000
75 75 0.5000000000000000
76 76 1.0000000000000000
80 76 0.0000751080574000
82 76 -0.0001194993100000
84 76 -6.3869481600000002
107 76 0.0635540206000000
77 77 1.0000000000000000
81 77 0.0000237363288000
78 78 0.5000000000000000
82 78 0.0004568535740000
79 79 1.0000000000000000
83 79 0.0000298578421000
55 80 0.0000000824314487
80 80 -0.0003139445860000
81 80 -2.0000000000000000
82 80 -0.0001194993100000
83 80 2.6028875100000000
84 80 1383420.1599999999161810
85 80 0.0001230142580000
87 80 -0.0000006238834520
89 80 -8239951.5199999995529652
107 80 0.0635540206000000
112 80 0.0003318036050000
56 81 0.0000000824314487
77 81 -1.0000000000000000
80 81 2.0000000000000000
81 81 -0.0003139445860000
86 81 0.0000867447750000
57 82 0.0000040773893700
59 82 1650.6935599999999340
78 82 -0.5000000000000000
82 82 -0.0031134607900000
84 82 -4267.7497000000003027
87 82 0.0000402971055000
107 82 0.0000377608296000
58 83 0.0000000824314487
79 83 -1.0000000000000000
80 83 -0.9260440290000000
83 83 -0.0003221761570000
88 83 0.0000883856876000
80 84 0.1666221610000000
82 84 -0.0042060465100000
107 84 2.2369264499999999
60 85 0.0000000068595075
80 85 0.0001168648310000
85 85 -0.0004353041550000
86 85 -2.0000000000000000
87 85 -0.0000006238834520
88 85 2.7567488400000002
89 85 104873667.0000000000000000
90 85 0.0006813551120000
92 85 -0.0000001697695550
94 85 -395116227.0000000000000000
112 85 0.0003318036050000
117 85 0.0000902895410000
61 86 0.0000000068595075
81 86 0.0002008391260000
85 86 2.0000000000000000
86 86 -0.0004353041550000
91 86 0.0006114758760000
62 87 0.0000000184995978
64 87 418643.4720000000088476
82 87 0.0026419880300000
87 87 -0.0002282703840000
89 87 -1082372.6499999999068677
92 87 0.0002071246970000
112 87 0.0000001713253500
63 88 0.0000000068595075
83 88 0.0002046383110000
85 88 -0.9807841420000000
88 88 -0.0004385835770000
93 88 0.0006146785360000
80 89 -0.1666221610000000
85 89 0.7336010650000000
87 89 -0.0042060465100000
112 89 2.2369264499999999
65 90 0.0000000034615900
85 90 0.0003021325090000
90 90 -0.0025338261500000
91 90 -2.0000000000000000
92 90 -0.0000001697695550
93 90 2.7975874599999999
94 90 794563563.0000000000000000
97 90 -0.0000001205894350
99 90 -2463372000.0000000000000000
117 90 0.0000902895410000
122 90 0.0000641337883000
66 91 0.0000000034615900
86 91 0.0003411150050000
90 91 2.0000000000000000
91 91 -0.0025338261500000
67 92 0.0000000048886556
69 92 1631347.0100000000093132
87 92 0.0001879069490000
92 92 -0.0010223405800000
94 92 -4217730.5800000000745058
97 92 0.0017996177300000
117 92 0.0000000452739918
68 93 0.0000000034615900
88 93 0.0003429016250000
90 93 -0.9953135290000000
93 93 -0.0025382309400000
85 94 -0.7336010650000000
90 94 2.8451481799999998
92 94 -0.0042060465100000
117 94 2.2369264499999999
90 95 0.0018473529800000
95 95 1.0000000000000000
97 95 -0.0000001205894350
99 95 3092466360.0000000000000000
122 95 0.0000641337883000
91 96 0.0019186013200000
96 96 1.0000000000000000
72 97 0.0000000034468024
74 97 2330998.1200000001117587
92 97 0.0008151983550000
97 97 -0.0051079320600000
99 97 -6026628.3200000002980232
100 97 0.5000000000000000
122 97 0.0000000319209439
93 98 0.0019198704100000
98 98 1.0000000000000000
90 99 -2.8451481799999998
97 99 -0.0042060465100000
122 99 2.2369264499999999
97 100 0.0033083019800000
100 100 0.5000000000000000
101 101 1.0000000000000000
107 101 -0.0635540206000000
109 101 -6.3869481600000002
102 102 1.0000000000000000
103 103 0.5000000000000000
107 103 0.0004568535740000
126 103 0.5000000000000000
104 104 1.0000000000000000
80 105 0.0000875154509000
105 105 1.0000000000000000
107 105 -0.0635540206000000
109 105 1383420.1599999999161810
112 105 -0.0003318036050000
114 105 -8239951.5199999995529652
81 106 0.0000875154509000
106 106 1.0000000000000000
82 107 0.0000105417975000
84 107 4267.7497000000003027
103 107 -0.5000000000000000
107 107 -0.0427129469000000
109 107 -4472940.1799999997019768
112 107 0.0000402971055000
127 107 0.5000000000000000
83 108 0.0000875154509000
108 108 1.0000000000000000
107 109 -2.2369264499999999
85 110 0.0000072825711700
110 110 1.0000000000000000
112 110 -0.0003318036050000
114 110 104873667.0000000000000000
117 110 -0.0000902895410000
119 110 -395116227.0000000000000000
86 111 0.0000072825711700
111 111 1.0000000000000000
87 112 0.0000000478293822
89 112 1082372.6499999999068677
107 112 0.0026419880300000
112 112 -0.0004079379360000
114 112 -1134412380.0000000000000000
117 112 0.0002071246970000
128 112 0.5000000000000000
88 113 0.0000072825711700
113 113 1.0000000000000000
112 114 -2.2369264499999999
90 115 0.0000036750853600
115 115 1.0000000000000000
117 115 -0.0000902895410000
119 115 794563563.0000000000000000
122 115 -0.0000641337883000
91 116 0.0000036750853600
116 116 1.0000000000000000
92 117 0.0000000126392682
94 117 4217730.5800000000745058
112 117 0.0001879069490000
117 117 -0.0010698190600000
119 117 -4420516180.0000000000000000
122 117 0.0017996177300000
129 117 0.5000000000000000
93 118 0.0000036750853600
118 118 1.0000000000000000
117 119 -2.2369264499999999
120 120 1.0000000000000000
122 120 -0.0000641337883000
121 121 1.0000000000000000
97 122 0.0000000089114601
99 122 6026628.3200000002980232
117 122 0.0008151983550000
122 122 -0.0051414073100000
125 122 0.5000000000000000
130 122 0.5000000000000000
123 123 1.0000000000000000
122 124 -2.2369264499999999
124 124 1.0000000000000000
122 125 0.0033083019800000
125 125 0.5000000000000000
131 125 0.5000000000000000
126 126 0.5000000000000000
107 127 0.0395763444000000
109 127 4472940.1799999997019768
127 127 0.5000000000000000
112 128 0.0001795625560000
114 128 1134412380.0000000000000000
128 128 0.5000000000000000
117 129 0.0000474507342000
119 129 4420516180.0000000000000000
129 129 0.5000000000000000
122 130 0.0000334556810000
130 130 0.5000000000000000
131 131 0.5000000000000000
