511 511 2796
1 1 1.0000000000000000
9 1 -9.5254021000000009
57 1 36.7226792000000017
2 2 1.0000000000000000
3 3 0.5000000000000000
4 4 1.0000000000000000
5 5 1.0000000000000000
9 5 20995.9369000000006054
14 5 -48521.9570000000021537
55 5 93.9651137999999975
57 5 36.7226792000000017
62 5 0.1416360350000000
6 6 1.0000000000000000
56 6 93.9651137999999975
7 7 0.5000000000000000
9 7 -282036.8690000000060536
57 7 9893.5322199999991426
8 8 1.0000000000000000
58 8 93.9651137999999975
57 9 25.4483998999999983
10 10 1.0000000000000000
14 10 2680527.1400000001303852
19 10 -6415064.6900000004097819
60 10 1.8974795000000000
62 10 0.1416360350000000
67 10 0.0116116408000000
11 11 1.0000000000000000
61 11 1.8974795000000000
12 12 0.5000000000000000
14 12 -106524105.0000000000000000
62 12 31.6155010999999995
13 13 1.0000000000000000
63 13 1.8974795000000000
62 14 25.4483998999999983
15 15 1.0000000000000000
19 15 38780644.7999999970197678
24 15 -72866065.7999999970197678
65 15 0.3274656170000000
67 15 0.0116116408000000
72 15 0.0033475905600000
16 16 1.0000000000000000
66 16 0.3274656170000000
17 17 0.5000000000000000
19 17 -1481342410.0000000000000000
67 17 2.4274830399999998
18 18 1.0000000000000000
68 18 0.3274656170000000
67 19 25.4483998999999983
20 20 1.0000000000000000
24 20 195559936.0000000000000000
29 20 -335695797.0000000000000000
70 20 0.1247085970000000
72 20 0.0033475905600000
77 20 0.0016129743400000
21 21 1.0000000000000000
71 21 0.1247085970000000
22 22 0.5000000000000000
24 22 -5451420940.0000000000000000
72 22 0.6794358270000000
23 23 1.0000000000000000
73 23 0.1247085970000000
72 24 25.4483998999999983
25 25 1.0000000000000000
29 25 602343434.0000000000000000
34 25 -1133103610.0000000000000000
75 25 0.0703768375000000
77 25 0.0016129743400000
82 25 0.0010641330000000
26 26 1.0000000000000000
76 26 0.0703768375000000
27 27 0.5000000000000000
29 27 -11695092100.0000000000000000
77 27 0.3219949370000000
28 28 1.0000000000000000
78 28 0.0703768375000000
77 29 25.4483998999999983
30 30 1.0000000000000000
34 30 1550516180.0000000000000000
39 30 -2917854190.0000000000000000
80 30 0.0517705803000000
82 30 0.0010641330000000
87 30 0.0008569894310000
31 31 1.0000000000000000
81 31 0.0517705803000000
32 32 0.5000000000000000
34 32 -18055886600.0000000000000000
82 32 0.2104871950000000
33 33 1.0000000000000000
83 33 0.0517705803000000
82 34 25.4483998999999983
35 35 1.0000000000000000
39 35 3449784840.0000000000000000
44 35 -5399895530.0000000000000000
85 35 0.0439406762000000
87 35 0.0008569894310000
92 35 0.0007563585940000
36 36 1.0000000000000000
86 36 0.0439406762000000
37 37 0.5000000000000000
39 37 -22632691900.0000000000000000
87 37 0.1687161910000000
38 38 1.0000000000000000
88 38 0.0439406762000000
87 39 25.4483998999999983
40 40 1.0000000000000000
44 40 6011402390.0000000000000000
49 40 -7491929070.0000000000000000
90 40 0.0395584790000000
92 40 0.0007563585940000
97 40 0.0006914889560000
41 41 1.0000000000000000
91 41 0.0395584790000000
42 42 0.5000000000000000
44 42 -25782791700.0000000000000000
92 42 0.1485032770000000
43 43 1.0000000000000000
93 43 0.0395584790000000
92 44 25.4483998999999983
45 45 1.0000000000000000
49 45 8166739650.0000000000000000
97 45 0.0006914889560000
46 46 1.0000000000000000
47 47 0.5000000000000000
49 47 -28310569400.0000000000000000
97 47 0.1355050430000000
48 48 1.0000000000000000
97 49 25.4483998999999983
50 50 0.5000000000000000
51 51 1.0000000000000000
55 51 0.0097258451900000
57 51 -36.7226792000000017
59 51 -9.5254021000000009
107 51 8.0190996600000002
52 52 1.0000000000000000
56 52 0.0043006303200000
3 53 0.5000000000000000
53 53 0.5000000000000000
57 53 0.0846679886000000
54 54 1.0000000000000000
58 54 0.0046244008600000
55 55 -114.5012969999999939
56 55 -2.0000000000000000
57 55 -36.7226792000000017
58 55 2.3009393100000000
59 55 20995.9369000000006054
60 55 0.0008788565840000
62 55 -0.1416360350000000
64 55 -48521.9570000000021537
105 55 0.0759945696000000
107 55 8.0190996600000002
112 55 0.0309289383000000
52 56 -1.0000000000000000
55 56 2.0000000000000000
56 56 -114.5012969999999939
61 56 0.0005298055210000
106 56 0.0759945696000000
7 57 0.5000000000000000
9 57 282036.8690000000060536
53 57 -0.5000000000000000
57 57 -12800.2726000000002387
59 57 -82855.0568999999959487
62 57 0.0009922176740000
107 57 88.1267993999999959
54 58 -1.0000000000000000
55 58 -0.8186182050000000
58 58 -114.5017179999999968
63 58 0.0005452538680000
108 58 0.0759945696000000
55 59 0.1395649920000000
57 59 -25.4483998999999983
107 59 5.5571450599999999
55 60 0.0042760176600000
60 60 -2.3137462100000001
61 60 -2.0000000000000000
62 60 -0.1416360350000000
63 60 2.5668323900000001
64 60 2680527.1400000001303852
65 60 0.0006551158380000
67 60 -0.0116116408000000
69 60 -6415064.6900000004097819
110 60 0.0015345922700000
112 60 0.0309289383000000
117 60 0.0025356239500000
56 61 0.0125333438000000
60 61 2.0000000000000000
61 61 -2.3137462100000001
66 61 0.0005062962590000
111 61 0.0015345922700000
12 62 0.5000000000000000
14 62 106524105.0000000000000000
57 62 0.1946862420000000
62 62 -40.9071027000000029
64 62 -31293996.3999999985098839
67 62 0.0004829853480000
112 62 0.2816155910000000
58 63 0.0128987976000000
60 63 -0.9132164920000000
63 63 -2.3137690000000002
68 63 0.0005104103170000
113 63 0.0015345922700000
55 64 -0.1395649920000000
60 64 0.3532994220000000
62 64 -25.4483998999999983
112 64 5.5571450599999999
60 65 0.0009758241410000
65 65 -0.4004657540000000
66 65 -2.0000000000000000
67 65 -0.0116116408000000
68 65 2.6779354899999999
69 65 38780644.7999999970197678
70 65 0.0007751003450000
72 65 -0.0033475905600000
74 65 -72866065.7999999970197678
115 65 0.0002648388070000
117 65 0.0025356239500000
122 65 0.0007310104520000
61 66 0.0013820652900000
65 66 2.0000000000000000
66 66 -0.4004657540000000
71 66 0.0006675364460000
116 66 0.0002648388070000
17 67 0.5000000000000000
19 67 1481342410.0000000000000000
62 67 0.0028019845600000
67 67 -3.1421618100000002
69 67 -435179665.0000000000000000
72 67 0.0005725705720000
117 67 0.0216228447000000
63 68 0.0013932956700000
65 68 -0.9527442739999999
68 68 -0.4004722270000000
73 68 0.0006695682550000
118 68 0.0002648388070000
60 69 -0.3532994220000000
65 69 0.7465454340000000
67 69 -25.4483998999999983
117 69 5.5571450599999999
65 70 0.0008261294800000
70 70 -0.1537753270000000
71 70 -2.0000000000000000
72 70 -0.0033475905600000
73 70 2.7370665900000000
74 70 195559936.0000000000000000
75 70 0.0012630913800000
77 70 -0.0016129743400000
79 70 -335695797.0000000000000000
120 70 0.0001008584540000
122 70 0.0007310104520000
127 70 0.0003522238110000
66 71 0.0009848188830000
70 71 2.0000000000000000
71 71 -0.1537753270000000
76 71 0.0011530471800000
121 71 0.0001008584540000
22 72 0.5000000000000000
24 72 5451420940.0000000000000000
67 72 0.0010647554600000
72 72 -0.8806300210000000
74 72 -1601484920.0000000000000000
77 72 0.0008364360000000
122 72 0.0060520856900000
68 73 0.0009878164180000
70 73 -0.9737816780000000
73 73 -0.1537792450000000
78 73 0.0011551519700000
123 73 0.0001008584540000
65 74 -0.7465454340000000
70 74 1.3026544700000000
72 74 -25.4483998999999983
122 74 5.5571450599999999
70 75 0.0010551199300000
75 75 -0.0890887930000000
76 75 -2.0000000000000000
77 75 -0.0016129743400000
78 75 2.7715134699999999
79 75 602343434.0000000000000000
80 75 0.0031661638400000
82 75 -0.0010641330000000
84 75 -1133103610.0000000000000000
125 75 0.0000569174799000
127 75 0.0003522238110000
132 75 0.0002323738010000
71 76 0.0011664425500000
75 76 2.0000000000000000
76 76 -0.0890887930000000
81 76 0.0030119463400000
126 76 0.0000569174799000
27 77 0.5000000000000000
29 77 11695092100.0000000000000000
72 77 0.0010211446500000
77 77 -0.4189320430000000
79 77 -3435712220.0000000000000000
82 77 0.0017885822400000
127 77 0.0028681751400000
73 78 0.0011685717900000
75 78 -0.9860370389999999
78 78 -0.0890932081000000
83 78 0.0030153053600000
128 78 0.0000569174799000
70 79 -1.3026544700000000
75 79 2.3177766499999999
77 79 -25.4483998999999983
127 79 5.5571450599999999
75 80 0.0020784811500000
80 80 -0.0717861853000000
81 80 -2.0000000000000000
82 80 -0.0010641330000000
83 80 2.7898249900000001
84 80 1550516180.0000000000000000
85 80 0.0087070930400000
87 80 -0.0008569894310000
89 80 -2917854190.0000000000000000
130 80 0.0000418696132000
132 80 0.0002323738010000
137 80 0.0001871400400000
76 81 0.0021906465100000
80 81 2.0000000000000000
81 81 -0.0717861853000000
86 81 0.0084754026800000
131 81 0.0000418696132000
32 82 0.5000000000000000
34 82 18055886600.0000000000000000
77 82 0.0015069772500000
82 82 -0.2775955010000000
84 82 -5304347330.0000000000000000
87 82 0.0051807714400000
132 82 0.0018749181200000
78 83 0.0021930896000000
80 83 -0.9925518330000000
83 83 -0.0717921927000000
88 83 0.0084794809200000
133 83 0.0000418696132000
75 84 -2.3177766499999999
80 84 4.4853062899999996
82 84 -25.4483998999999983
132 84 5.5571450599999999
80 85 0.0055426903700000
85 85 -0.0753177091000000
86 85 -2.0000000000000000
87 85 -0.0008569894310000
88 85 2.7995555400000001
89 85 3449784840.0000000000000000
90 85 0.0173098522000000
92 85 -0.0007563585940000
94 85 -5399895530.0000000000000000
135 85 0.0000355371546000
137 85 0.0001871400400000
142 85 0.0001651653710000
81 86 0.0056984682400000
85 86 2.0000000000000000
86 86 -0.0753177091000000
91 86 0.0170119448000000
136 86 0.0000355371546000
37 87 0.5000000000000000
39 87 22632691900.0000000000000000
82 87 0.0034840903100000
87 87 -0.2325067560000000
89 87 -6648893040.0000000000000000
92 87 0.0126769551000000
137 87 0.0015028422200000
83 88 0.0057012102600000
85 88 -0.9960137240000000
88 88 -0.0753241441000000
93 88 0.0170150599000000
138 88 0.0000355371546000
80 89 -4.4853062899999996
85 89 7.8039186300000001
87 89 -25.4483998999999983
137 89 5.5571450599999999
85 90 0.0130732483000000
90 90 -0.0864544189000000
91 90 -2.0000000000000000
92 90 -0.0007563585940000
93 90 2.8057720100000001
94 90 6011402390.0000000000000000
97 90 -0.0006914889560000
99 90 -7491929070.0000000000000000
140 90 0.0000319930394000
142 90 0.0001651653710000
147 90 0.0001509998450000
86 91 0.0133062630000000
90 91 2.0000000000000000
91 91 -0.0864544189000000
141 91 0.0000319930394000
42 92 0.5000000000000000
44 92 25782791700.0000000000000000
87 92 0.0090453877200000
92 92 -0.2225478800000000
94 92 -7574309980.0000000000000000
97 92 0.0204148851000000
142 92 0.0013227953600000
88 93 0.0133086995000000
90 93 -0.9982253930000000
93 93 -0.0864584889000000
143 93 0.0000319930394000
85 94 -7.8039186300000001
90 94 10.8973063000000003
92 94 -25.4483998999999983
142 94 5.5571450599999999
90 95 0.0209464718000000
95 95 1.0000000000000000
97 95 -0.0006914889560000
99 95 8166739650.0000000000000000
147 95 0.0001509998450000
91 96 0.0212455715000000
96 96 1.0000000000000000
47 97 0.5000000000000000
49 97 28310569400.0000000000000000
92 97 0.0177412684000000
97 97 -0.2185373960000000
99 97 -8316904990.0000000000000000
100 97 0.5000000000000000
147 97 0.0012070133700000
93 98 0.0212465991000000
98 98 1.0000000000000000
90 99 -10.8973063000000003
97 99 -25.4483998999999983
147 99 5.5571450599999999
50 100 0.5000000000000000
97 100 0.0228096303000000
100 100 0.5000000000000000
101 101 1.0000000000000000
105 101 0.0097258451900000
107 101 -8.0190996600000002
109 101 -9.5254021000000009
157 101 0.0244508278000000
102 102 1.0000000000000000
106 102 0.0043006303200000
103 103 0.5000000000000000
107 103 0.0846679886000000
104 104 1.0000000000000000
108 104 0.0046244008600000
55 105 20.5190805000000012
105 105 -0.0933289460000000
106 105 -2.0000000000000000
107 105 -8.0190996600000002
108 105 2.3009393100000000
109 105 20995.9369000000006054
110 105 0.0008788565840000
112 105 -0.0309289383000000
114 105 -48521.9570000000021537
155 105 0.0000769353797000
157 105 0.0244508278000000
162 105 0.0000943046199000
56 106 20.5190805000000012
102 106 -1.0000000000000000
105 106 2.0000000000000000
106 106 -0.0933289460000000
111 106 0.0005298055210000
156 106 0.0000769353797000
57 107 2906.4610499999998865
59 107 82855.0568999999959487
103 107 -0.5000000000000000
107 107 -90.5210663000000011
109 107 -1988.3986899999999878
112 107 0.0009922176740000
157 107 0.0604959654000000
58 108 20.5190805000000012
104 108 -1.0000000000000000
105 108 -0.8186182050000000
108 108 -0.0937494811000000
113 108 0.0005452538680000
158 108 0.0000769353797000
105 109 0.1395649920000000
107 109 -5.5571450599999999
157 109 0.0169441462000000
60 110 0.4143509550000000
105 110 0.0042760176600000
110 110 -0.0034550261000000
111 110 -2.0000000000000000
112 110 -0.0309289383000000
113 110 2.5668323900000001
114 110 2680527.1400000001303852
115 110 0.0006551158380000
117 110 -0.0025356239500000
119 110 -6415064.6900000004097819
160 110 0.0000015535904700
162 110 0.0000943046199000
167 110 0.0000077313049300
61 111 0.4143509550000000
106 111 0.0125333438000000
110 111 2.0000000000000000
111 111 -0.0034550261000000
116 111 0.0005062962590000
161 111 0.0000015535904700
62 112 9.2878074700000006
64 112 31293996.3999999985098839
107 112 0.1946862420000000
112 112 -0.2921681500000000
114 112 -751009.5810000000055879
117 112 0.0004829853480000
162 112 0.0001933192530000
63 113 0.4143509550000000
108 113 0.0128987976000000
110 113 -0.9132164920000000
113 113 -0.0034778208900000
118 113 0.0005104103170000
163 113 0.0000015535904700
105 114 -0.1395649920000000
110 114 0.3532994220000000
112 114 -5.5571450599999999
162 114 0.0169441462000000
65 115 0.0715083833000000
110 115 0.0009758241410000
115 115 -0.0017574002100000
116 115 -2.0000000000000000
117 115 -0.0025356239500000
118 115 2.6779354899999999
119 115 38780644.7999999970197678
120 115 0.0007751003450000
122 115 -0.0007310104520000
124 115 -72866065.7999999970197678
165 115 0.0000002681175020
167 115 0.0000077313049300
172 115 0.0000022289049200
66 116 0.0715083833000000
111 116 0.0013820652900000
115 116 2.0000000000000000
116 116 -0.0017574002100000
121 116 0.0006675364460000
166 116 0.0000002681175020
67 117 0.7131310380000000
69 117 435179665.0000000000000000
112 117 0.0028019845600000
117 117 -0.0236895017000000
119 117 -10443667.5999999996274710
122 117 0.0005725705720000
167 117 0.0000148433266000
68 118 0.0715083833000000
113 118 0.0013932956700000
115 118 -0.9527442739999999
118 118 -0.0017638730600000
123 118 0.0006695682550000
168 118 0.0000002681175020
110 119 -0.3532994220000000
115 119 0.7465454340000000
117 119 -5.5571450599999999
167 119 0.0169441462000000
70 120 0.0272325083000000
115 120 0.0008261294800000
120 120 -0.0019353871500000
121 120 -2.0000000000000000
122 120 -0.0007310104520000
123 120 2.7370665900000000
124 120 195559936.0000000000000000
125 120 0.0012630913800000
127 120 -0.0003522238110000
129 120 -335695797.0000000000000000
170 120 0.0000001021070790
172 120 0.0000022289049200
177 120 0.0000010739564400
71 121 0.0272325083000000
116 121 0.0009848188830000
120 121 2.0000000000000000
121 121 -0.0019353871500000
126 121 0.0011530471800000
171 121 0.0000001021070790
72 122 0.1996004790000000
74 122 1601484920.0000000000000000
117 122 0.0010647554600000
122 122 -0.0077910420100000
124 122 -38433267.0000000000000000
127 122 0.0008364360000000
172 122 0.0000041545451500
73 123 0.0272325083000000
118 123 0.0009878164180000
120 123 -0.9737816780000000
123 123 -0.0019393060200000
128 123 0.0011551519700000
173 123 0.0000001021070790
115 124 -0.7465454340000000
120 124 1.3026544700000000
122 124 -5.5571450599999999
172 124 0.0169441462000000
75 125 0.0153681291000000
120 125 0.0010551199300000
125 125 -0.0034009174900000
126 125 -2.0000000000000000
127 125 -0.0003522238110000
128 125 2.7715134699999999
129 125 602343434.0000000000000000
130 125 0.0031661638400000
132 125 -0.0002323738010000
134 125 -1133103610.0000000000000000
175 125 0.0000000576221163
177 125 0.0000010739564400
182 125 0.0000007085249010
76 126 0.0153681291000000
121 126 0.0011664425500000
125 126 2.0000000000000000
126 126 -0.0034009174900000
131 126 0.0030119463400000
176 126 0.0000000576221163
77 127 0.0945936924000000
79 127 3435712220.0000000000000000
122 127 0.0010211446500000
127 127 -0.0052804203500000
129 127 -82452006.5999999940395355
132 127 0.0017885822400000
177 127 0.0000019689019200
78 128 0.0153681291000000
123 128 0.0011685717900000
125 128 -0.9860370389999999
128 128 -0.0034053325900000
133 128 0.0030153053600000
178 128 0.0000000576221163
120 129 -1.3026544700000000
125 129 2.3177766499999999
127 129 -5.5571450599999999
177 129 0.0169441462000000
80 130 0.0113050968000000
125 130 0.0020784811500000
130 130 -0.0087525054900000
131 130 -2.0000000000000000
132 130 -0.0002323738010000
133 130 2.7898249900000001
134 130 1550516180.0000000000000000
135 130 0.0087070930400000
137 130 -0.0001871400400000
139 130 -2917854190.0000000000000000
180 130 0.0000000423879575
182 130 0.0000007085249010
187 130 0.0000005706038200
81 131 0.0113050968000000
126 131 0.0021906465100000
130 131 2.0000000000000000
131 131 -0.0087525054900000
136 131 0.0084754026800000
181 131 0.0000000423879575
82 132 0.0618356337000000
84 132 5304347330.0000000000000000
127 132 0.0015069772500000
132 132 -0.0071925859300000
134 132 -127296483.0000000000000000
137 132 0.0051807714400000
182 132 0.0000012870657100
83 133 0.0113050968000000
128 133 0.0021930896000000
130 133 -0.9925518330000000
133 133 -0.0087585129000000
138 133 0.0084794809200000
183 133 0.0000000423879575
125 134 -2.3177766499999999
130 134 4.4853062899999996
132 134 -5.5571450599999999
182 134 0.0169441462000000
85 135 0.0095952874200000
130 135 0.0055426903700000
135 135 -0.0218173909000000
136 135 -2.0000000000000000
137 135 -0.0001871400400000
138 135 2.7995555400000001
139 135 3449784840.0000000000000000
140 135 0.0173098522000000
142 135 -0.0001651653710000
144 135 -5399895530.0000000000000000
185 135 0.0000000359771034
187 135 0.0000005706038200
192 135 0.0000005036014300
86 136 0.0095952874200000
131 136 0.0056984682400000
135 136 2.0000000000000000
136 136 -0.0218173909000000
141 136 0.0170119448000000
186 136 0.0000000359771034
87 137 0.0495644051000000
89 137 6648893040.0000000000000000
132 137 0.0034840903100000
137 137 -0.0157650674000000
139 137 -159563589.0000000000000000
142 137 0.0126769551000000
187 137 0.0000010316486200
88 138 0.0095952874200000
133 138 0.0057012102600000
135 138 -0.9960137240000000
138 138 -0.0218238259000000
143 138 0.0170150599000000
188 138 0.0000000359771034
130 139 -4.4853062899999996
135 139 7.8039186300000001
137 139 -5.5571450599999999
187 139 0.0169441462000000
90 140 0.0086383508100000
135 140 0.0130732483000000
140 140 -0.0382896797000000
141 140 -2.0000000000000000
142 140 -0.0001651653710000
143 140 2.8057720100000001
144 140 6011402390.0000000000000000
147 140 -0.0001509998450000
149 140 -7491929070.0000000000000000
190 140 0.0000000323891121
192 140 0.0000005036014300
197 140 0.0000004604096920
91 141 0.0086383508100000
136 141 0.0133062630000000
140 141 2.0000000000000000
141 141 -0.0382896797000000
191 141 0.0000000323891121
92 142 0.0436263796000000
94 142 7574309980.0000000000000000
137 142 0.0090453877200000
142 142 -0.0317727640000000
144 142 -181772226.0000000000000000
147 142 0.0204148851000000
192 142 0.0000009080527500
93 143 0.0086383508100000
138 143 0.0133086995000000
140 143 -0.9982253930000000
143 143 -0.0382937496000000
193 143 0.0000000323891121
135 144 -7.8039186300000001
140 144 10.8973063000000003
142 144 -5.5571450599999999
192 144 0.0169441462000000
140 145 0.0209464718000000
145 145 1.0000000000000000
147 145 -0.0001509998450000
149 145 8166739650.0000000000000000
197 145 0.0000004604096920
141 146 0.0212455715000000
146 146 1.0000000000000000
97 147 0.0398078381000000
99 147 8316904990.0000000000000000
142 147 0.0177412684000000
147 147 -0.0444604954000000
149 147 -199593406.0000000000000000
150 147 0.5000000000000000
197 147 0.0000008285724650
143 148 0.0212465991000000
148 148 1.0000000000000000
140 149 -10.8973063000000003
147 149 -5.5571450599999999
197 149 0.0169441462000000
147 150 0.0228096303000000
150 150 0.5000000000000000
151 151 1.0000000000000000
155 151 0.0097258451900000
157 151 -0.0244508278000000
159 151 -9.5254021000000009
207 151 0.0120985529000000
152 152 1.0000000000000000
156 152 0.0043006303200000
153 153 0.5000000000000000
157 153 0.0846679886000000
154 154 1.0000000000000000
158 154 0.0046244008600000
105 155 0.0002317130620000
155 155 -0.0172176672000000
156 155 -2.0000000000000000
157 155 -0.0244508278000000
158 155 2.3009393100000000
159 155 20995.9369000000006054
160 155 0.0008788565840000
162 155 -0.0000943046199000
164 155 -48521.9570000000021537
205 155 0.0000284396301000
207 155 0.0120985529000000
212 155 0.0000466630184000
106 156 0.0002317130620000
152 156 -1.0000000000000000
155 156 2.0000000000000000
156 156 -0.0172176672000000
161 156 0.0005298055210000
206 156 0.0000284396301000
107 157 2.1149127100000000
109 157 1988.3986899999999878
153 157 -0.5000000000000000
157 157 -0.3415886580000000
159 157 -57.1402841000000024
162 157 0.0009922176740000
207 157 0.0008792058810000
108 158 0.0002317130620000
154 158 -1.0000000000000000
155 158 -0.8186182050000000
158 158 -0.0176382024000000
163 158 0.0005452538680000
208 158 0.0000284396301000
155 159 0.1395649920000000
157 159 -0.0169441462000000
207 159 0.0083841598300000
110 160 0.0000046790853100
155 160 0.0042760176600000
160 160 -0.0019180770700000
161 160 -2.0000000000000000
162 160 -0.0000943046199000
163 160 2.5668323900000001
164 160 2680527.1400000001303852
165 160 0.0006551158380000
167 160 -0.0000077313049300
169 160 -6415064.6900000004097819
210 160 0.0000005742941490
212 160 0.0000466630184000
217 160 0.0000038255392500
111 161 0.0000046790853100
156 161 0.0125333438000000
160 161 2.0000000000000000
161 161 -0.0019180770700000
166 161 0.0005062962590000
211 161 0.0000005742941490
112 162 0.0067583572300000
114 162 751009.5810000000055879
157 162 0.1946862420000000
162 162 -0.0039930768700000
164 162 -21581.6379999999990105
167 162 0.0004829853480000
212 162 0.0000028095662800
113 163 0.0000046790853100
158 163 0.0128987976000000
160 163 -0.9132164920000000
163 163 -0.0019408718600000
168 163 0.0005104103170000
213 163 0.0000005742941490
155 164 -0.1395649920000000
160 164 0.3532994220000000
162 164 -0.0169441462000000
212 164 0.0083841598300000
115 165 0.0000008075131060
160 165 0.0009758241410000
165 165 -0.0014921546700000
166 165 -2.0000000000000000
167 165 -0.0000077313049300
168 165 2.6779354899999999
169 165 38780644.7999999970197678
170 165 0.0007751003450000
172 165 -0.0000022289049200
174 165 -72866065.7999999970197678
215 165 0.0000000991112623
217 165 0.0000038255392500
222 165 0.0000011028879800
116 166 0.0000008075131060
161 166 0.0013820652900000
165 166 2.0000000000000000
166 166 -0.0014921546700000
171 166 0.0006675364460000
216 166 0.0000000991112623
117 167 0.0005189162590000
119 167 10443667.5999999996274710
162 167 0.0028019845600000
167 167 -0.0015630106800000
169 167 -300117.9479999999748543
172 167 0.0005725705720000
217 167 0.0000002157224860
118 168 0.0000008075131060
163 168 0.0013932956700000
165 168 -0.9527442739999999
168 168 -0.0014986275200000
173 168 0.0006695682550000
218 168 0.0000000991112623
160 169 -0.3532994220000000
165 169 0.7465454340000000
167 169 -0.0169441462000000
217 169 0.0083841598300000
120 170 0.0000003075248860
165 170 0.0008261294800000
170 170 -0.0018343738000000
171 170 -2.0000000000000000
172 170 -0.0000022289049200
173 170 2.7370665900000000
174 170 195559936.0000000000000000
175 170 0.0012630913800000
177 170 -0.0000010739564400
179 170 -335695797.0000000000000000
220 170 0.0000000377445015
222 170 0.0000011028879800
227 170 0.0000005314060900
121 171 0.0000003075248860
166 171 0.0009848188830000
170 171 2.0000000000000000
171 171 -0.0018343738000000
176 171 0.0011530471800000
221 171 0.0000000377445015
122 172 0.0001452410960000
124 172 38433267.0000000000000000
167 172 0.0010647554600000
172 172 -0.0015979891500000
174 172 -1104450.4299999999348074
177 172 0.0008364360000000
222 172 0.0000000603792419
123 173 0.0000003075248860
168 173 0.0009878164180000
170 173 -0.9737816780000000
173 173 -0.0018382926800000
178 173 0.0011551519700000
223 173 0.0000000377445015
165 174 -0.7465454340000000
170 174 1.3026544700000000
172 174 -0.0169441462000000
222 174 0.0083841598300000
125 175 0.0000001735456050
170 175 0.0010551199300000
175 175 -0.0033439125900000
176 175 -2.0000000000000000
177 175 -0.0000010739564400
178 175 2.7715134699999999
179 175 602343434.0000000000000000
180 175 0.0031661638400000
182 175 -0.0000007085249010
184 175 -1133103610.0000000000000000
225 175 0.0000000213003651
227 175 0.0000005314060900
232 175 0.0000003505863290
126 176 0.0000001735456050
171 176 0.0011664425500000
175 176 2.0000000000000000
176 176 -0.0033439125900000
181 176 0.0030119463400000
226 176 0.0000000213003651
127 177 0.0000688319570000
129 177 82452006.5999999940395355
172 177 0.0010211446500000
177 177 -0.0023454387300000
179 177 -2369409.6600000001490116
182 177 0.0017885822400000
227 177 0.0000000286146379
128 178 0.0000001735456050
173 178 0.0011685717900000
175 178 -0.9860370389999999
178 178 -0.0033483276900000
183 178 0.0030153053600000
228 178 0.0000000213003651
170 179 -1.3026544700000000
175 179 2.3177766499999999
177 179 -0.0169441462000000
227 179 0.0083841598300000
130 180 0.0000001276635470
175 180 0.0020784811500000
180 180 -0.0087105715800000
181 180 -2.0000000000000000
182 180 -0.0000007085249010
183 180 2.7898249900000001
184 180 1550516180.0000000000000000
185 180 0.0087070930400000
187 180 -0.0000005706038200
189 180 -2917854190.0000000000000000
230 180 0.0000000156689658
232 180 0.0000003505863290
237 180 0.0000002823413810
131 181 0.0000001276635470
176 181 0.0021906465100000
180 181 2.0000000000000000
181 181 -0.0087105715800000
186 181 0.0084754026800000
231 181 0.0000000156689658
132 182 0.0000449952589000
134 182 127296483.0000000000000000
177 182 0.0015069772500000
182 182 -0.0052739966000000
184 182 -3658097.9500000001862645
187 182 0.0051807714400000
232 182 0.0000000187053093
133 183 0.0000001276635470
178 183 0.0021930896000000
180 183 -0.9925518330000000
183 183 -0.0087165789800000
188 183 0.0084794809200000
233 183 0.0000000156689658
175 184 -2.3177766499999999
180 184 4.4853062899999996
182 184 -0.0169441462000000
232 184 0.0083841598300000
135 185 0.0000001083554120
180 185 0.0055426903700000
185 185 -0.0217817992000000
186 185 -2.0000000000000000
187 185 -0.0000005706038200
188 185 2.7995555400000001
189 185 3449784840.0000000000000000
190 185 0.0173098522000000
192 185 -0.0000005036014300
194 185 -5399895530.0000000000000000
235 185 0.0000000132991547
237 185 0.0000002823413810
242 185 0.0000002491878220
136 186 0.0000001083554120
181 186 0.0056984682400000
185 186 2.0000000000000000
186 186 -0.0217817992000000
191 186 0.0170119448000000
236 186 0.0000000132991547
137 187 0.0000360659883000
139 187 159563589.0000000000000000
182 187 0.0034840903100000
187 187 -0.0142272205000000
189 187 -4585352.4400000004097819
192 187 0.0126769551000000
237 187 0.0000000149932566
138 188 0.0000001083554120
183 188 0.0057012102600000
185 188 -0.9960137240000000
188 188 -0.0217882342000000
193 188 0.0170150599000000
238 188 0.0000000132991547
180 189 -4.4853062899999996
185 189 7.8039186300000001
187 189 -0.0169441462000000
237 189 0.0083841598300000
140 190 0.0000000975491427
185 190 0.0130732483000000
190 190 -0.0382576375000000
191 190 -2.0000000000000000
192 190 -0.0000005036014300
193 190 2.8057720100000001
194 190 6011402390.0000000000000000
197 190 -0.0000004604096920
199 190 -7491929070.0000000000000000
240 190 0.0000000119728319
242 190 0.0000002491878220
247 190 0.0000002278160490
141 191 0.0000000975491427
186 191 0.0133062630000000
190 191 2.0000000000000000
191 191 -0.0382576375000000
241 191 0.0000000119728319
142 192 0.0000317451302000
144 192 181772226.0000000000000000
187 192 0.0090453877200000
192 192 -0.0304191576000000
194 192 -5223558.3499999996274710
197 192 0.0204148851000000
242 192 0.0000000131970010
143 193 0.0000000975491427
188 193 0.0133086995000000
190 193 -0.9982253930000000
193 193 -0.0382617075000000
243 193 0.0000000119728319
185 194 -7.8039186300000001
190 194 10.8973063000000003
192 194 -0.0169441462000000
242 194 0.0083841598300000
190 195 0.0209464718000000
195 195 1.0000000000000000
197 195 -0.0000004604096920
199 195 8166739650.0000000000000000
247 195 0.0000002278160490
191 196 0.0212455715000000
196 196 1.0000000000000000
147 197 0.0000289665340000
149 197 199593406.0000000000000000
192 197 0.0177412684000000
197 197 -0.0432253678000000
199 197 -5735682.6699999999254942
200 197 0.5000000000000000
247 197 0.0000000120418904
193 198 0.0212465991000000
198 198 1.0000000000000000
190 199 -10.8973063000000003
197 199 -0.0169441462000000
247 199 0.0083841598300000
197 200 0.0228096303000000
200 200 0.5000000000000000
201 201 1.0000000000000000
205 201 0.0097258451900000
207 201 -0.0120985529000000
209 201 -9.5254021000000009
257 201 0.0120875022000000
202 202 1.0000000000000000
206 202 0.0043006303200000
203 203 0.5000000000000000
207 203 0.0846679886000000
204 204 1.0000000000000000
208 204 0.0046244008600000
155 205 0.0000380685172000
205 205 -0.0171595166000000
206 205 -2.0000000000000000
207 205 -0.0120985529000000
208 205 2.3009393100000000
209 205 20995.9369000000006054
210 205 0.0008788565840000
212 205 -0.0000466630184000
214 205 -48521.9570000000021537
255 205 0.0000284136537000
257 205 0.0120875022000000
262 205 0.0000466203969000
156 206 0.0000380685172000
202 206 -1.0000000000000000
205 206 2.0000000000000000
206 206 -0.0171595166000000
211 206 0.0005298055210000
256 206 0.0000284136537000
157 207 0.0017384625400000
159 207 57.1402841000000024
203 207 -0.5000000000000000
207 207 -0.2810836240000000
209 207 -55.2543650000000000
212 207 0.0009922176740000
257 207 0.0008361573770000
158 208 0.0000380685172000
204 208 -1.0000000000000000
205 208 -0.8186182050000000
208 208 -0.0175800518000000
213 208 0.0005452538680000
258 208 0.0000284136537000
205 209 0.1395649920000000
207 209 -0.0083841598300000
257 209 0.0083765018200000
160 210 0.0000007687345640
205 210 0.0042760176600000
210 210 -0.0019169028000000
211 210 -2.0000000000000000
212 210 -0.0000466630184000
213 210 2.5668323900000001
214 210 2680527.1400000001303852
215 210 0.0006551158380000
217 210 -0.0000038255392500
219 210 -6415064.6900000004097819
260 210 0.0000005737695940
262 210 0.0000466203969000
267 210 0.0000038220450400
161 211 0.0000007687345640
206 211 0.0125333438000000
210 211 2.0000000000000000
211 211 -0.0019169028000000
216 211 0.0005062962590000
261 211 0.0000005737695940
162 212 0.0000055553833700
164 212 21581.6379999999990105
207 212 0.1946862420000000
212 212 -0.0037997286400000
214 212 -20869.3345000000008440
217 212 0.0004829853480000
262 212 0.0000026720016500
163 213 0.0000007687345640
208 213 0.0128987976000000
210 213 -0.9132164920000000
213 213 -0.0019396976000000
218 213 0.0005104103170000
263 213 0.0000005737695940
205 214 -0.1395649920000000
210 214 0.3532994220000000
212 214 -0.0083841598300000
262 214 0.0083765018200000
165 215 0.0000001326676460
210 215 0.0009758241410000
215 215 -0.0014919520200000
216 215 -2.0000000000000000
217 215 -0.0000038255392500
218 215 2.6779354899999999
219 215 38780644.7999999970197678
220 215 0.0007751003450000
222 215 -0.0000011028879800
224 215 -72866065.7999999970197678
265 215 0.0000000990207350
267 215 0.0000038220450400
272 215 0.0000011018806100
166 216 0.0000001326676460
211 216 0.0013820652900000
215 216 2.0000000000000000
216 216 -0.0014919520200000
221 216 0.0006675364460000
266 216 0.0000000990207350
167 217 0.0000004265502190
169 217 300117.9479999999748543
212 217 0.0028019845600000
217 217 -0.0015481651300000
219 217 -290212.5339999999850988
222 217 0.0005725705720000
267 217 0.0000002051600780
168 218 0.0000001326676460
213 218 0.0013932956700000
215 218 -0.9527442739999999
218 218 -0.0014984248700000
223 218 0.0006695682550000
268 218 0.0000000990207350
210 219 -0.3532994220000000
215 219 0.7465454340000000
217 219 -0.0083841598300000
267 219 0.0083765018200000
170 220 0.0000000505237654
215 220 0.0008261294800000
220 220 -0.0018342966200000
221 220 -2.0000000000000000
222 220 -0.0000011028879800
223 220 2.7370665900000000
224 220 195559936.0000000000000000
225 220 0.0012630913800000
227 220 -0.0000005314060900
229 220 -335695797.0000000000000000
270 220 0.0000000377100260
272 220 0.0000011018806100
277 220 0.0000005309207090
171 221 0.0000000505237654
216 221 0.0009848188830000
220 221 2.0000000000000000
221 221 -0.0018342966200000
226 221 0.0011530471800000
271 221 0.0000000377100260
172 222 0.0000001193884760
174 222 1104450.4299999999348074
217 222 0.0010647554600000
222 222 -0.0015938339900000
224 222 -1067997.9699999999720603
227 222 0.0008364360000000
272 222 0.0000000574228967
173 223 0.0000000505237654
218 223 0.0009878164180000
220 223 -0.9737816780000000
223 223 -0.0018382155000000
228 223 0.0011551519700000
273 223 0.0000000377100260
215 224 -0.7465454340000000
220 224 1.3026544700000000
222 224 -0.0083841598300000
272 224 0.0083765018200000
175 225 0.0000000285120907
220 225 0.0010551199300000
225 225 -0.0033438690400000
226 225 -2.0000000000000000
227 225 -0.0000005314060900
228 225 2.7715134699999999
229 225 602343434.0000000000000000
230 225 0.0031661638400000
232 225 -0.0000003505863290
234 225 -1133103610.0000000000000000
275 225 0.0000000212809095
277 225 0.0000005309207090
282 225 0.0000003502661070
176 226 0.0000000285120907
221 226 0.0011664425500000
225 226 2.0000000000000000
226 226 -0.0033438690400000
231 226 0.0030119463400000
276 226 0.0000000212809095
177 227 0.0000000565800085
179 227 2369409.6600000001490116
222 227 0.0010211446500000
227 227 -0.0023434695300000
229 227 -2291207.1299999998882413
232 227 0.0017885822400000
277 227 0.0000000272135811
178 228 0.0000000285120907
223 228 0.0011685717900000
225 228 -0.9860370389999999
228 228 -0.0033482841400000
233 228 0.0030153053600000
278 228 0.0000000212809095
220 229 -1.3026544700000000
225 229 2.3177766499999999
227 229 -0.0083841598300000
277 229 0.0083765018200000
180 230 0.0000000209740524
225 230 0.0020784811500000
230 230 -0.0087105395400000
231 230 -2.0000000000000000
232 230 -0.0000003505863290
233 230 2.7898249900000001
234 230 1550516180.0000000000000000
235 230 0.0087070930400000
237 230 -0.0000002823413810
239 230 -2917854190.0000000000000000
280 230 0.0000000156546539
282 230 0.0000003502661070
287 230 0.0000002820834930
181 231 0.0000000209740524
226 231 0.0021906465100000
230 231 2.0000000000000000
231 231 -0.0087105395400000
236 231 0.0084754026800000
281 231 0.0000000156546539
182 232 0.0000000369861943
184 232 3658097.9500000001862645
227 232 0.0015069772500000
232 232 -0.0052727093500000
234 232 -3537362.1699999999254942
237 232 0.0051807714400000
282 232 0.0000000177894423
183 233 0.0000000209740524
228 233 0.0021930896000000
230 233 -0.9925518330000000
233 233 -0.0087165469400000
238 233 0.0084794809200000
283 233 0.0000000156546539
225 234 -2.3177766499999999
230 234 4.4853062899999996
232 234 -0.0083841598300000
282 234 0.0083765018200000
185 235 0.0000000178018875
230 235 0.0055426903700000
235 235 -0.0217817720000000
236 235 -2.0000000000000000
237 235 -0.0000002823413810
238 235 2.7995555400000001
239 235 3449784840.0000000000000000
240 235 0.0173098522000000
242 235 -0.0000002491878220
244 235 -5399895530.0000000000000000
285 235 0.0000000132870073
287 235 0.0000002820834930
292 235 0.0000002489602160
186 236 0.0000000178018875
231 236 0.0056984682400000
235 236 2.0000000000000000
236 236 -0.0217817720000000
241 236 0.0170119448000000
286 236 0.0000000132870073
187 237 0.0000000296463157
189 237 4585352.4400000004097819
232 237 0.0034840903100000
237 237 -0.0142261886000000
239 237 -4434012.5599999995902181
242 237 0.0126769551000000
287 237 0.0000000142591427
188 238 0.0000000178018875
233 238 0.0057012102600000
235 238 -0.9960137240000000
238 238 -0.0217882070000000
243 238 0.0170150599000000
288 238 0.0000000132870073
230 239 -4.4853062899999996
235 239 7.8039186300000001
237 239 -0.0083841598300000
287 239 0.0083765018200000
190 240 0.0000000160265079
235 240 0.0130732483000000
240 240 -0.0382576131000000
241 240 -2.0000000000000000
242 240 -0.0000002491878220
243 240 2.8057720100000001
244 240 6011402390.0000000000000000
247 240 -0.0000002278160490
249 240 -7491929070.0000000000000000
290 240 0.0000000119618960
292 240 0.0000002489602160
297 240 0.0000002276079640
191 241 0.0000000160265079
236 241 0.0133062630000000
240 241 2.0000000000000000
241 241 -0.0382576131000000
291 241 0.0000000119618960
192 242 0.0000000260945615
194 242 5223558.3499999996274710
237 242 0.0090453877200000
242 242 -0.0304182495000000
244 242 -5051154.4400000004097819
247 242 0.0204148851000000
292 242 0.0000000125508371
193 243 0.0000000160265079
238 243 0.0133086995000000
240 243 -0.9982253930000000
243 243 -0.0382616830000000
293 243 0.0000000119618960
235 244 -7.8039186300000001
240 244 10.8973063000000003
242 244 -0.0083841598300000
292 244 0.0083765018200000
240 245 0.0209464718000000
245 245 1.0000000000000000
247 245 -0.0000002278160490
249 245 8166739650.0000000000000000
297 245 0.0000002276079640
241 246 0.0212455715000000
246 246 1.0000000000000000
197 247 0.0000000238105498
199 247 5735682.6699999999254942
242 247 0.0177412684000000
247 247 -0.0432245391000000
249 247 -5546376.0599999995902181
250 247 0.5000000000000000
297 247 0.0000000114522840
243 248 0.0212465991000000
248 248 1.0000000000000000
240 249 -10.8973063000000003
247 249 -0.0083841598300000
297 249 0.0083765018200000
247 250 0.0228096303000000
250 250 0.5000000000000000
251 251 1.0000000000000000
255 251 0.0097258451900000
257 251 -0.0120875022000000
259 251 -9.5254021000000009
307 251 0.0120985529000000
252 252 1.0000000000000000
256 252 0.0043006303200000
253 253 0.5000000000000000
257 253 0.0846679886000000
254 254 1.0000000000000000
258 254 0.0046244008600000
205 255 0.0000284136537000
255 255 -0.0171595166000000
256 255 -2.0000000000000000
257 255 -0.0120875022000000
258 255 2.3009393100000000
259 255 20995.9369000000006054
260 255 0.0008788565840000
262 255 -0.0000466203969000
264 255 -48521.9570000000021537
305 255 0.0000380685172000
307 255 0.0120985529000000
312 255 0.0000466630184000
206 256 0.0000284136537000
252 256 -1.0000000000000000
255 256 2.0000000000000000
256 256 -0.0171595166000000
261 256 0.0005298055210000
306 256 0.0000380685172000
207 257 0.0008501876280000
209 257 55.2543650000000000
253 257 -0.5000000000000000
257 257 -0.2810265450000000
259 257 -55.2543650000000000
262 257 0.0009922176740000
307 257 0.0008501876280000
208 258 0.0000284136537000
254 258 -1.0000000000000000
255 258 -0.8186182050000000
258 258 -0.0175800518000000
263 258 0.0005452538680000
308 258 0.0000380685172000
255 259 0.1395649920000000
257 259 -0.0083765018200000
307 259 0.0083841598300000
210 260 0.0000005737695940
255 260 0.0042760176600000
260 260 -0.0019169028000000
261 260 -2.0000000000000000
262 260 -0.0000466203969000
263 260 2.5668323900000001
264 260 2680527.1400000001303852
265 260 0.0006551158380000
267 260 -0.0000038220450400
269 260 -6415064.6900000004097819
310 260 0.0000007687345640
312 260 0.0000466630184000
317 260 0.0000038255392500
211 261 0.0000005737695940
256 261 0.0125333438000000
260 261 2.0000000000000000
261 261 -0.0019169028000000
266 261 0.0005062962590000
311 261 0.0000007687345640
212 262 0.0000027168363400
214 262 20869.3345000000008440
257 262 0.1946862420000000
262 262 -0.0037995462400000
264 262 -20869.3345000000008440
267 262 0.0004829853480000
312 262 0.0000027168363400
213 263 0.0000005737695940
258 263 0.0128987976000000
260 263 -0.9132164920000000
263 263 -0.0019396976000000
268 263 0.0005104103170000
313 263 0.0000007687345640
255 264 -0.1395649920000000
260 264 0.3532994220000000
262 264 -0.0083765018200000
312 264 0.0083841598300000
215 265 0.0000000990207350
260 265 0.0009758241410000
265 265 -0.0014919520200000
266 265 -2.0000000000000000
267 265 -0.0000038220450400
268 265 2.6779354899999999
269 265 38780644.7999999970197678
270 265 0.0007751003450000
272 265 -0.0000011018806100
274 265 -72866065.7999999970197678
315 265 0.0000001326676460
317 265 0.0000038255392500
322 265 0.0000011028879800
216 266 0.0000000990207350
261 266 0.0013820652900000
265 266 2.0000000000000000
266 266 -0.0014919520200000
271 266 0.0006675364460000
316 266 0.0000001326676460
217 267 0.0000002086025490
219 267 290212.5339999999850988
262 267 0.0028019845600000
267 267 -0.0015481511200000
269 267 -290212.5339999999850988
272 267 0.0005725705720000
317 267 0.0000002086025490
218 268 0.0000000990207350
263 268 0.0013932956700000
265 268 -0.9527442739999999
268 268 -0.0014984248700000
273 268 0.0006695682550000
318 268 0.0000001326676460
260 269 -0.3532994220000000
265 269 0.7465454340000000
267 269 -0.0083765018200000
317 269 0.0083841598300000
220 270 0.0000000377100260
265 270 0.0008261294800000
270 270 -0.0018342966200000
271 270 -2.0000000000000000
272 270 -0.0000011018806100
273 270 2.7370665900000000
274 270 195559936.0000000000000000
275 270 0.0012630913800000
277 270 -0.0000005309207090
279 270 -335695797.0000000000000000
320 270 0.0000000505237654
322 270 0.0000011028879800
327 270 0.0000005314060900
221 271 0.0000000377100260
266 271 0.0009848188830000
270 271 2.0000000000000000
271 271 -0.0018342966200000
276 271 0.0011530471800000
321 271 0.0000000505237654
222 272 0.0000000583864207
224 272 1067997.9699999999720603
267 272 0.0010647554600000
272 272 -0.0015938300700000
274 272 -1067997.9699999999720603
277 272 0.0008364360000000
322 272 0.0000000583864207
223 273 0.0000000377100260
268 273 0.0009878164180000
270 273 -0.9737816780000000
273 273 -0.0018382155000000
278 273 0.0011551519700000
323 273 0.0000000505237654
265 274 -0.7465454340000000
270 274 1.3026544700000000
272 274 -0.0083765018200000
322 274 0.0083841598300000
225 275 0.0000000212809095
270 275 0.0010551199300000
275 275 -0.0033438690400000
276 275 -2.0000000000000000
277 275 -0.0000005309207090
278 275 2.7715134699999999
279 275 602343434.0000000000000000
280 275 0.0031661638400000
282 275 -0.0000003502661070
284 275 -1133103610.0000000000000000
325 275 0.0000000285120907
327 275 0.0000005314060900
332 275 0.0000003505863290
226 276 0.0000000212809095
271 276 0.0011664425500000
275 276 2.0000000000000000
276 276 -0.0033438690400000
281 276 0.0030119463400000
326 276 0.0000000285120907
227 277 0.0000000276702098
229 277 2291207.1299999998882413
272 277 0.0010211446500000
277 277 -0.0023434676700000
279 277 -2291207.1299999998882413
282 277 0.0017885822400000
327 277 0.0000000276702098
228 278 0.0000000212809095
273 278 0.0011685717900000
275 278 -0.9860370389999999
278 278 -0.0033482841400000
283 278 0.0030153053600000
328 278 0.0000000285120907
270 279 -1.3026544700000000
275 279 2.3177766499999999
277 279 -0.0083765018200000
327 279 0.0083841598300000
230 280 0.0000000156546539
275 280 0.0020784811500000
280 280 -0.0087105395400000
281 280 -2.0000000000000000
282 280 -0.0000003502661070
283 280 2.7898249900000001
284 280 1550516180.0000000000000000
285 280 0.0087070930400000
287 280 -0.0000002820834930
289 280 -2917854190.0000000000000000
330 280 0.0000000209740524
332 280 0.0000003505863290
337 280 0.0000002823413810
231 281 0.0000000156546539
276 281 0.0021906465100000
280 281 2.0000000000000000
281 281 -0.0087105395400000
286 281 0.0084754026800000
331 281 0.0000000209740524
232 282 0.0000000180879392
234 282 3537362.1699999999254942
277 282 0.0015069772500000
282 282 -0.0052727081300000
284 282 -3537362.1699999999254942
287 282 0.0051807714400000
332 282 0.0000000180879392
233 283 0.0000000156546539
278 283 0.0021930896000000
280 283 -0.9925518330000000
283 283 -0.0087165469400000
288 283 0.0084794809200000
333 283 0.0000000209740524
275 284 -2.3177766499999999
280 284 4.4853062899999996
282 284 -0.0083765018200000
332 284 0.0083841598300000
235 285 0.0000000132870073
280 285 0.0055426903700000
285 285 -0.0217817720000000
286 285 -2.0000000000000000
287 285 -0.0000002820834930
288 285 2.7995555400000001
289 285 3449784840.0000000000000000
290 285 0.0173098522000000
292 285 -0.0000002489602160
294 285 -5399895530.0000000000000000
335 285 0.0000000178018875
337 285 0.0000002823413810
342 285 0.0000002491878220
236 286 0.0000000132870073
281 286 0.0056984682400000
285 286 2.0000000000000000
286 286 -0.0217817720000000
291 286 0.0170119448000000
336 286 0.0000000178018875
237 287 0.0000000144984031
239 287 4434012.5599999995902181
282 287 0.0034840903100000
287 287 -0.0142261877000000
289 287 -4434012.5599999995902181
292 287 0.0126769551000000
337 287 0.0000000144984031
238 288 0.0000000132870073
283 288 0.0057012102600000
285 288 -0.9960137240000000
288 288 -0.0217882070000000
293 288 0.0170150599000000
338 288 0.0000000178018875
280 289 -4.4853062899999996
285 289 7.8039186300000001
287 289 -0.0083765018200000
337 289 0.0083841598300000
240 290 0.0000000119618960
285 290 0.0130732483000000
290 290 -0.0382576131000000
291 290 -2.0000000000000000
292 290 -0.0000002489602160
293 290 2.8057720100000001
294 290 6011402390.0000000000000000
297 290 -0.0000002276079640
299 290 -7491929070.0000000000000000
340 290 0.0000000160265079
342 290 0.0000002491878220
347 290 0.0000002278160490
241 291 0.0000000119618960
286 291 0.0133062630000000
290 291 2.0000000000000000
291 291 -0.0382576131000000
341 291 0.0000000160265079
242 292 0.0000000127614331
244 292 5051154.4400000004097819
287 292 0.0090453877200000
292 292 -0.0304182486000000
294 292 -5051154.4400000004097819
297 292 0.0204148851000000
342 292 0.0000000127614331
243 293 0.0000000119618960
288 293 0.0133086995000000
290 293 -0.9982253930000000
293 293 -0.0382616830000000
343 293 0.0000000160265079
285 294 -7.8039186300000001
290 294 10.8973063000000003
292 294 -0.0083765018200000
342 294 0.0083841598300000
290 295 0.0209464718000000
295 295 1.0000000000000000
297 295 -0.0000002276079640
299 295 8166739650.0000000000000000
347 295 0.0000002278160490
291 296 0.0212455715000000
296 296 1.0000000000000000
247 297 0.0000000116444469
249 297 5546376.0599999995902181
292 297 0.0177412684000000
297 297 -0.0432245384000000
299 297 -5546376.0599999995902181
300 297 0.5000000000000000
347 297 0.0000000116444469
293 298 0.0212465991000000
298 298 1.0000000000000000
290 299 -10.8973063000000003
297 299 -0.0083765018200000
347 299 0.0083841598300000
297 300 0.0228096303000000
300 300 0.5000000000000000
301 301 1.0000000000000000
305 301 0.0097258451900000
307 301 -0.0120985529000000
309 301 -9.5254021000000009
357 301 0.0244508278000000
302 302 1.0000000000000000
306 302 0.0043006303200000
303 303 0.5000000000000000
307 303 0.0846679886000000
304 304 1.0000000000000000
308 304 0.0046244008600000
255 305 0.0000284396301000
305 305 -0.0172176672000000
306 305 -2.0000000000000000
307 305 -0.0120985529000000
308 305 2.3009393100000000
309 305 20995.9369000000006054
310 305 0.0008788565840000
312 305 -0.0000466630184000
314 305 -48521.9570000000021537
355 305 0.0002317130620000
357 305 0.0244508278000000
362 305 0.0000943046199000
256 306 0.0000284396301000
302 306 -1.0000000000000000
305 306 2.0000000000000000
306 306 -0.0172176672000000
311 306 0.0005298055210000
356 306 0.0002317130620000
257 307 0.0008361573770000
259 307 55.2543650000000000
303 307 -0.5000000000000000
307 307 -0.2810836240000000
309 307 -57.1402841000000024
312 307 0.0009922176740000
357 307 0.0017384625400000
258 308 0.0000284396301000
304 308 -1.0000000000000000
305 308 -0.8186182050000000
308 308 -0.0176382024000000
313 308 0.0005452538680000
358 308 0.0002317130620000
305 309 0.1395649920000000
307 309 -0.0083841598300000
357 309 0.0169441462000000
260 310 0.0000005742941490
305 310 0.0042760176600000
310 310 -0.0019180770700000
311 310 -2.0000000000000000
312 310 -0.0000466630184000
313 310 2.5668323900000001
314 310 2680527.1400000001303852
315 310 0.0006551158380000
317 310 -0.0000038255392500
319 310 -6415064.6900000004097819
360 310 0.0000046790853100
362 310 0.0000943046199000
367 310 0.0000077313049300
261 311 0.0000005742941490
306 311 0.0125333438000000
310 311 2.0000000000000000
311 311 -0.0019180770700000
316 311 0.0005062962590000
361 311 0.0000046790853100
262 312 0.0000026720016500
264 312 20869.3345000000008440
307 312 0.1946862420000000
312 312 -0.0037997286400000
314 312 -21581.6379999999990105
317 312 0.0004829853480000
362 312 0.0000055553833700
263 313 0.0000005742941490
308 313 0.0128987976000000
310 313 -0.9132164920000000
313 313 -0.0019408718600000
318 313 0.0005104103170000
363 313 0.0000046790853100
305 314 -0.1395649920000000
310 314 0.3532994220000000
312 314 -0.0083841598300000
362 314 0.0169441462000000
265 315 0.0000000991112623
310 315 0.0009758241410000
315 315 -0.0014921546700000
316 315 -2.0000000000000000
317 315 -0.0000038255392500
318 315 2.6779354899999999
319 315 38780644.7999999970197678
320 315 0.0007751003450000
322 315 -0.0000011028879800
324 315 -72866065.7999999970197678
365 315 0.0000008075131060
367 315 0.0000077313049300
372 315 0.0000022289049200
266 316 0.0000000991112623
311 316 0.0013820652900000
315 316 2.0000000000000000
316 316 -0.0014921546700000
321 316 0.0006675364460000
366 316 0.0000008075131060
267 317 0.0000002051600780
269 317 290212.5339999999850988
312 317 0.0028019845600000
317 317 -0.0015481651300000
319 317 -300117.9479999999748543
322 317 0.0005725705720000
367 317 0.0000004265502190
268 318 0.0000000991112623
313 318 0.0013932956700000
315 318 -0.9527442739999999
318 318 -0.0014986275200000
323 318 0.0006695682550000
368 318 0.0000008075131060
310 319 -0.3532994220000000
315 319 0.7465454340000000
317 319 -0.0083841598300000
367 319 0.0169441462000000
270 320 0.0000000377445015
315 320 0.0008261294800000
320 320 -0.0018343738000000
321 320 -2.0000000000000000
322 320 -0.0000011028879800
323 320 2.7370665900000000
324 320 195559936.0000000000000000
325 320 0.0012630913800000
327 320 -0.0000005314060900
329 320 -335695797.0000000000000000
370 320 0.0000003075248860
372 320 0.0000022289049200
377 320 0.0000010739564400
271 321 0.0000000377445015
316 321 0.0009848188830000
320 321 2.0000000000000000
321 321 -0.0018343738000000
326 321 0.0011530471800000
371 321 0.0000003075248860
272 322 0.0000000574228967
274 322 1067997.9699999999720603
317 322 0.0010647554600000
322 322 -0.0015938339900000
324 322 -1104450.4299999999348074
327 322 0.0008364360000000
372 322 0.0000001193884760
273 323 0.0000000377445015
318 323 0.0009878164180000
320 323 -0.9737816780000000
323 323 -0.0018382926800000
328 323 0.0011551519700000
373 323 0.0000003075248860
315 324 -0.7465454340000000
320 324 1.3026544700000000
322 324 -0.0083841598300000
372 324 0.0169441462000000
275 325 0.0000000213003651
320 325 0.0010551199300000
325 325 -0.0033439125900000
326 325 -2.0000000000000000
327 325 -0.0000005314060900
328 325 2.7715134699999999
329 325 602343434.0000000000000000
330 325 0.0031661638400000
332 325 -0.0000003505863290
334 325 -1133103610.0000000000000000
375 325 0.0000001735456050
377 325 0.0000010739564400
382 325 0.0000007085249010
276 326 0.0000000213003651
321 326 0.0011664425500000
325 326 2.0000000000000000
326 326 -0.0033439125900000
331 326 0.0030119463400000
376 326 0.0000001735456050
277 327 0.0000000272135811
279 327 2291207.1299999998882413
322 327 0.0010211446500000
327 327 -0.0023434695300000
329 327 -2369409.6600000001490116
332 327 0.0017885822400000
377 327 0.0000000565800085
278 328 0.0000000213003651
323 328 0.0011685717900000
325 328 -0.9860370389999999
328 328 -0.0033483276900000
333 328 0.0030153053600000
378 328 0.0000001735456050
320 329 -1.3026544700000000
325 329 2.3177766499999999
327 329 -0.0083841598300000
377 329 0.0169441462000000
280 330 0.0000000156689658
325 330 0.0020784811500000
330 330 -0.0087105715800000
331 330 -2.0000000000000000
332 330 -0.0000003505863290
333 330 2.7898249900000001
334 330 1550516180.0000000000000000
335 330 0.0087070930400000
337 330 -0.0000002823413810
339 330 -2917854190.0000000000000000
380 330 0.0000001276635470
382 330 0.0000007085249010
387 330 0.0000005706038200
281 331 0.0000000156689658
326 331 0.0021906465100000
330 331 2.0000000000000000
331 331 -0.0087105715800000
336 331 0.0084754026800000
381 331 0.0000001276635470
282 332 0.0000000177894423
284 332 3537362.1699999999254942
327 332 0.0015069772500000
332 332 -0.0052727093500000
334 332 -3658097.9500000001862645
337 332 0.0051807714400000
382 332 0.0000000369861943
283 333 0.0000000156689658
328 333 0.0021930896000000
330 333 -0.9925518330000000
333 333 -0.0087165789800000
338 333 0.0084794809200000
383 333 0.0000001276635470
325 334 -2.3177766499999999
330 334 4.4853062899999996
332 334 -0.0083841598300000
382 334 0.0169441462000000
285 335 0.0000000132991547
330 335 0.0055426903700000
335 335 -0.0217817992000000
336 335 -2.0000000000000000
337 335 -0.0000002823413810
338 335 2.7995555400000001
339 335 3449784840.0000000000000000
340 335 0.0173098522000000
342 335 -0.0000002491878220
344 335 -5399895530.0000000000000000
385 335 0.0000001083554120
387 335 0.0000005706038200
392 335 0.0000005036014300
286 336 0.0000000132991547
331 336 0.0056984682400000
335 336 2.0000000000000000
336 336 -0.0217817992000000
341 336 0.0170119448000000
386 336 0.0000001083554120
287 337 0.0000000142591427
289 337 4434012.5599999995902181
332 337 0.0034840903100000
337 337 -0.0142261886000000
339 337 -4585352.4400000004097819
342 337 0.0126769551000000
387 337 0.0000000296463157
288 338 0.0000000132991547
333 338 0.0057012102600000
335 338 -0.9960137240000000
338 338 -0.0217882342000000
343 338 0.0170150599000000
388 338 0.0000001083554120
330 339 -4.4853062899999996
335 339 7.8039186300000001
337 339 -0.0083841598300000
387 339 0.0169441462000000
290 340 0.0000000119728319
335 340 0.0130732483000000
340 340 -0.0382576375000000
341 340 -2.0000000000000000
342 340 -0.0000002491878220
343 340 2.8057720100000001
344 340 6011402390.0000000000000000
347 340 -0.0000002278160490
349 340 -7491929070.0000000000000000
390 340 0.0000000975491427
392 340 0.0000005036014300
397 340 0.0000004604096920
291 341 0.0000000119728319
336 341 0.0133062630000000
340 341 2.0000000000000000
341 341 -0.0382576375000000
391 341 0.0000000975491427
292 342 0.0000000125508371
294 342 5051154.4400000004097819
337 342 0.0090453877200000
342 342 -0.0304182495000000
344 342 -5223558.3499999996274710
347 342 0.0204148851000000
392 342 0.0000000260945615
293 343 0.0000000119728319
338 343 0.0133086995000000
340 343 -0.9982253930000000
343 343 -0.0382617075000000
393 343 0.0000000975491427
335 344 -7.8039186300000001
340 344 10.8973063000000003
342 344 -0.0083841598300000
392 344 0.0169441462000000
340 345 0.0209464718000000
345 345 1.0000000000000000
347 345 -0.0000002278160490
349 345 8166739650.0000000000000000
397 345 0.0000004604096920
341 346 0.0212455715000000
346 346 1.0000000000000000
297 347 0.0000000114522840
299 347 5546376.0599999995902181
342 347 0.0177412684000000
347 347 -0.0432245391000000
349 347 -5735682.6699999999254942
350 347 0.5000000000000000
397 347 0.0000000238105498
343 348 0.0212465991000000
348 348 1.0000000000000000
340 349 -10.8973063000000003
347 349 -0.0083841598300000
397 349 0.0169441462000000
347 350 0.0228096303000000
350 350 0.5000000000000000
351 351 1.0000000000000000
355 351 0.0097258451900000
357 351 -0.0244508278000000
359 351 -9.5254021000000009
407 351 8.0190996600000002
352 352 1.0000000000000000
356 352 0.0043006303200000
353 353 0.5000000000000000
357 353 0.0846679886000000
354 354 1.0000000000000000
358 354 0.0046244008600000
305 355 0.0000769353797000
355 355 -0.0933289460000000
356 355 -2.0000000000000000
357 355 -0.0244508278000000
358 355 2.3009393100000000
359 355 20995.9369000000006054
360 355 0.0008788565840000
362 355 -0.0000943046199000
364 355 -48521.9570000000021537
405 355 20.5190805000000012
407 355 8.0190996600000002
412 355 0.0309289383000000
306 356 0.0000769353797000
352 356 -1.0000000000000000
355 356 2.0000000000000000
356 356 -0.0933289460000000
361 356 0.0005298055210000
406 356 20.5190805000000012
307 357 0.0008792058810000
309 357 57.1402841000000024
353 357 -0.5000000000000000
357 357 -0.3415886580000000
359 357 -1988.3986899999999878
362 357 0.0009922176740000
407 357 2.1149127100000000
308 358 0.0000769353797000
354 358 -1.0000000000000000
355 358 -0.8186182050000000
358 358 -0.0937494811000000
363 358 0.0005452538680000
408 358 20.5190805000000012
355 359 0.1395649920000000
357 359 -0.0169441462000000
407 359 5.5571450599999999
310 360 0.0000015535904700
355 360 0.0042760176600000
360 360 -0.0034550261000000
361 360 -2.0000000000000000
362 360 -0.0000943046199000
363 360 2.5668323900000001
364 360 2680527.1400000001303852
365 360 0.0006551158380000
367 360 -0.0000077313049300
369 360 -6415064.6900000004097819
410 360 0.4143509550000000
412 360 0.0309289383000000
417 360 0.0025356239500000
311 361 0.0000015535904700
356 361 0.0125333438000000
360 361 2.0000000000000000
361 361 -0.0034550261000000
366 361 0.0005062962590000
411 361 0.4143509550000000
312 362 0.0000028095662800
314 362 21581.6379999999990105
357 362 0.1946862420000000
362 362 -0.0039930768700000
364 362 -751009.5810000000055879
367 362 0.0004829853480000
412 362 0.0067583572300000
313 363 0.0000015535904700
358 363 0.0128987976000000
360 363 -0.9132164920000000
363 363 -0.0034778208900000
368 363 0.0005104103170000
413 363 0.4143509550000000
355 364 -0.1395649920000000
360 364 0.3532994220000000
362 364 -0.0169441462000000
412 364 5.5571450599999999
315 365 0.0000002681175020
360 365 0.0009758241410000
365 365 -0.0017574002100000
366 365 -2.0000000000000000
367 365 -0.0000077313049300
368 365 2.6779354899999999
369 365 38780644.7999999970197678
370 365 0.0007751003450000
372 365 -0.0000022289049200
374 365 -72866065.7999999970197678
415 365 0.0715083833000000
417 365 0.0025356239500000
422 365 0.0007310104520000
316 366 0.0000002681175020
361 366 0.0013820652900000
365 366 2.0000000000000000
366 366 -0.0017574002100000
371 366 0.0006675364460000
416 366 0.0715083833000000
317 367 0.0000002157224860
319 367 300117.9479999999748543
362 367 0.0028019845600000
367 367 -0.0015630106800000
369 367 -10443667.5999999996274710
372 367 0.0005725705720000
417 367 0.0005189162590000
318 368 0.0000002681175020
363 368 0.0013932956700000
365 368 -0.9527442739999999
368 368 -0.0017638730600000
373 368 0.0006695682550000
418 368 0.0715083833000000
360 369 -0.3532994220000000
365 369 0.7465454340000000
367 369 -0.0169441462000000
417 369 5.5571450599999999
320 370 0.0000001021070790
365 370 0.0008261294800000
370 370 -0.0019353871500000
371 370 -2.0000000000000000
372 370 -0.0000022289049200
373 370 2.7370665900000000
374 370 195559936.0000000000000000
375 370 0.0012630913800000
377 370 -0.0000010739564400
379 370 -335695797.0000000000000000
420 370 0.0272325083000000
422 370 0.0007310104520000
427 370 0.0003522238110000
321 371 0.0000001021070790
366 371 0.0009848188830000
370 371 2.0000000000000000
371 371 -0.0019353871500000
376 371 0.0011530471800000
421 371 0.0272325083000000
322 372 0.0000000603792419
324 372 1104450.4299999999348074
367 372 0.0010647554600000
372 372 -0.0015979891500000
374 372 -38433267.0000000000000000
377 372 0.0008364360000000
422 372 0.0001452410960000
323 373 0.0000001021070790
368 373 0.0009878164180000
370 373 -0.9737816780000000
373 373 -0.0019393060200000
378 373 0.0011551519700000
423 373 0.0272325083000000
365 374 -0.7465454340000000
370 374 1.3026544700000000
372 374 -0.0169441462000000
422 374 5.5571450599999999
325 375 0.0000000576221163
370 375 0.0010551199300000
375 375 -0.0034009174900000
376 375 -2.0000000000000000
377 375 -0.0000010739564400
378 375 2.7715134699999999
379 375 602343434.0000000000000000
380 375 0.0031661638400000
382 375 -0.0000007085249010
384 375 -1133103610.0000000000000000
425 375 0.0153681291000000
427 375 0.0003522238110000
432 375 0.0002323738010000
326 376 0.0000000576221163
371 376 0.0011664425500000
375 376 2.0000000000000000
376 376 -0.0034009174900000
381 376 0.0030119463400000
426 376 0.0153681291000000
327 377 0.0000000286146379
329 377 2369409.6600000001490116
372 377 0.0010211446500000
377 377 -0.0023454387300000
379 377 -82452006.5999999940395355
382 377 0.0017885822400000
427 377 0.0000688319570000
328 378 0.0000000576221163
373 378 0.0011685717900000
375 378 -0.9860370389999999
378 378 -0.0034053325900000
383 378 0.0030153053600000
428 378 0.0153681291000000
370 379 -1.3026544700000000
375 379 2.3177766499999999
377 379 -0.0169441462000000
427 379 5.5571450599999999
330 380 0.0000000423879575
375 380 0.0020784811500000
380 380 -0.0087525054900000
381 380 -2.0000000000000000
382 380 -0.0000007085249010
383 380 2.7898249900000001
384 380 1550516180.0000000000000000
385 380 0.0087070930400000
387 380 -0.0000005706038200
389 380 -2917854190.0000000000000000
430 380 0.0113050968000000
432 380 0.0002323738010000
437 380 0.0001871400400000
331 381 0.0000000423879575
376 381 0.0021906465100000
380 381 2.0000000000000000
381 381 -0.0087525054900000
386 381 0.0084754026800000
431 381 0.0113050968000000
332 382 0.0000000187053093
334 382 3658097.9500000001862645
377 382 0.0015069772500000
382 382 -0.0052739966000000
384 382 -127296483.0000000000000000
387 382 0.0051807714400000
432 382 0.0000449952589000
333 383 0.0000000423879575
378 383 0.0021930896000000
380 383 -0.9925518330000000
383 383 -0.0087585129000000
388 383 0.0084794809200000
433 383 0.0113050968000000
375 384 -2.3177766499999999
380 384 4.4853062899999996
382 384 -0.0169441462000000
432 384 5.5571450599999999
335 385 0.0000000359771034
380 385 0.0055426903700000
385 385 -0.0218173909000000
386 385 -2.0000000000000000
387 385 -0.0000005706038200
388 385 2.7995555400000001
389 385 3449784840.0000000000000000
390 385 0.0173098522000000
392 385 -0.0000005036014300
394 385 -5399895530.0000000000000000
435 385 0.0095952874200000
437 385 0.0001871400400000
442 385 0.0001651653710000
336 386 0.0000000359771034
381 386 0.0056984682400000
385 386 2.0000000000000000
386 386 -0.0218173909000000
391 386 0.0170119448000000
436 386 0.0095952874200000
337 387 0.0000000149932566
339 387 4585352.4400000004097819
382 387 0.0034840903100000
387 387 -0.0142272205000000
389 387 -159563589.0000000000000000
392 387 0.0126769551000000
437 387 0.0000360659883000
338 388 0.0000000359771034
383 388 0.0057012102600000
385 388 -0.9960137240000000
388 388 -0.0218238259000000
393 388 0.0170150599000000
438 388 0.0095952874200000
380 389 -4.4853062899999996
385 389 7.8039186300000001
387 389 -0.0169441462000000
437 389 5.5571450599999999
340 390 0.0000000323891121
385 390 0.0130732483000000
390 390 -0.0382896797000000
391 390 -2.0000000000000000
392 390 -0.0000005036014300
393 390 2.8057720100000001
394 390 6011402390.0000000000000000
397 390 -0.0000004604096920
399 390 -7491929070.0000000000000000
440 390 0.0086383508100000
442 390 0.0001651653710000
447 390 0.0001509998450000
341 391 0.0000000323891121
386 391 0.0133062630000000
390 391 2.0000000000000000
391 391 -0.0382896797000000
441 391 0.0086383508100000
342 392 0.0000000131970010
344 392 5223558.3499999996274710
387 392 0.0090453877200000
392 392 -0.0304191576000000
394 392 -181772226.0000000000000000
397 392 0.0204148851000000
442 392 0.0000317451302000
343 393 0.0000000323891121
388 393 0.0133086995000000
390 393 -0.9982253930000000
393 393 -0.0382937496000000
443 393 0.0086383508100000
385 394 -7.8039186300000001
390 394 10.8973063000000003
392 394 -0.0169441462000000
442 394 5.5571450599999999
390 395 0.0209464718000000
395 395 1.0000000000000000
397 395 -0.0000004604096920
399 395 8166739650.0000000000000000
447 395 0.0001509998450000
391 396 0.0212455715000000
396 396 1.0000000000000000
347 397 0.0000000120418904
349 397 5735682.6699999999254942
392 397 0.0177412684000000
397 397 -0.0432253678000000
399 397 -199593406.0000000000000000
400 397 0.5000000000000000
447 397 0.0000289665340000
393 398 0.0212465991000000
398 398 1.0000000000000000
390 399 -10.8973063000000003
397 399 -0.0169441462000000
447 399 5.5571450599999999
397 400 0.0228096303000000
400 400 0.5000000000000000
401 401 1.0000000000000000
405 401 0.0097258451900000
407 401 -8.0190996600000002
409 401 -9.5254021000000009
457 401 36.7226792000000017
402 402 1.0000000000000000
406 402 0.0043006303200000
403 403 0.5000000000000000
407 403 0.0846679886000000
404 404 1.0000000000000000
408 404 0.0046244008600000
355 405 0.0759945696000000
405 405 -114.5012969999999939
406 405 -2.0000000000000000
407 405 -8.0190996600000002
408 405 2.3009393100000000
409 405 20995.9369000000006054
410 405 0.0008788565840000
412 405 -0.0309289383000000
414 405 -48521.9570000000021537
457 405 36.7226792000000017
462 405 0.1416360350000000
356 406 0.0759945696000000
402 406 -1.0000000000000000
405 406 2.0000000000000000
406 406 -114.5012969999999939
411 406 0.0005298055210000
357 407 0.0604959654000000
359 407 1988.3986899999999878
403 407 -0.5000000000000000
407 407 -90.5210663000000011
409 407 -82855.0568999999959487
412 407 0.0009922176740000
457 407 2906.4610499999998865
358 408 0.0759945696000000
404 408 -1.0000000000000000
405 408 -0.8186182050000000
408 408 -114.5017179999999968
413 408 0.0005452538680000
405 409 0.1395649920000000
407 409 -5.5571450599999999
457 409 25.4483998999999983
360 410 0.0015345922700000
405 410 0.0042760176600000
410 410 -2.3137462100000001
411 410 -2.0000000000000000
412 410 -0.0309289383000000
413 410 2.5668323900000001
414 410 2680527.1400000001303852
415 410 0.0006551158380000
417 410 -0.0025356239500000
419 410 -6415064.6900000004097819
462 410 0.1416360350000000
467 410 0.0116116408000000
361 411 0.0015345922700000
406 411 0.0125333438000000
410 411 2.0000000000000000
411 411 -2.3137462100000001
416 411 0.0005062962590000
362 412 0.0001933192530000
364 412 751009.5810000000055879
407 412 0.1946862420000000
412 412 -0.2921681500000000
414 412 -31293996.3999999985098839
417 412 0.0004829853480000
462 412 9.2878074700000006
363 413 0.0015345922700000
408 413 0.0128987976000000
410 413 -0.9132164920000000
413 413 -2.3137690000000002
418 413 0.0005104103170000
405 414 -0.1395649920000000
410 414 0.3532994220000000
412 414 -5.5571450599999999
462 414 25.4483998999999983
365 415 0.0002648388070000
410 415 0.0009758241410000
415 415 -0.4004657540000000
416 415 -2.0000000000000000
417 415 -0.0025356239500000
418 415 2.6779354899999999
419 415 38780644.7999999970197678
420 415 0.0007751003450000
422 415 -0.0007310104520000
424 415 -72866065.7999999970197678
467 415 0.0116116408000000
472 415 0.0033475905600000
366 416 0.0002648388070000
411 416 0.0013820652900000
415 416 2.0000000000000000
416 416 -0.4004657540000000
421 416 0.0006675364460000
367 417 0.0000148433266000
369 417 10443667.5999999996274710
412 417 0.0028019845600000
417 417 -0.0236895017000000
419 417 -435179665.0000000000000000
422 417 0.0005725705720000
467 417 0.7131310380000000
368 418 0.0002648388070000
413 418 0.0013932956700000
415 418 -0.9527442739999999
418 418 -0.4004722270000000
423 418 0.0006695682550000
410 419 -0.3532994220000000
415 419 0.7465454340000000
417 419 -5.5571450599999999
467 419 25.4483998999999983
370 420 0.0001008584540000
415 420 0.0008261294800000
420 420 -0.1537753270000000
421 420 -2.0000000000000000
422 420 -0.0007310104520000
423 420 2.7370665900000000
424 420 195559936.0000000000000000
425 420 0.0012630913800000
427 420 -0.0003522238110000
429 420 -335695797.0000000000000000
472 420 0.0033475905600000
477 420 0.0016129743400000
371 421 0.0001008584540000
416 421 0.0009848188830000
420 421 2.0000000000000000
421 421 -0.1537753270000000
426 421 0.0011530471800000
372 422 0.0000041545451500
374 422 38433267.0000000000000000
417 422 0.0010647554600000
422 422 -0.0077910420100000
424 422 -1601484920.0000000000000000
427 422 0.0008364360000000
472 422 0.1996004790000000
373 423 0.0001008584540000
418 423 0.0009878164180000
420 423 -0.9737816780000000
423 423 -0.1537792450000000
428 423 0.0011551519700000
415 424 -0.7465454340000000
420 424 1.3026544700000000
422 424 -5.5571450599999999
472 424 25.4483998999999983
375 425 0.0000569174799000
420 425 0.0010551199300000
425 425 -0.0890887930000000
426 425 -2.0000000000000000
427 425 -0.0003522238110000
428 425 2.7715134699999999
429 425 602343434.0000000000000000
430 425 0.0031661638400000
432 425 -0.0002323738010000
434 425 -1133103610.0000000000000000
477 425 0.0016129743400000
482 425 0.0010641330000000
376 426 0.0000569174799000
421 426 0.0011664425500000
425 426 2.0000000000000000
426 426 -0.0890887930000000
431 426 0.0030119463400000
377 427 0.0000019689019200
379 427 82452006.5999999940395355
422 427 0.0010211446500000
427 427 -0.0052804203500000
429 427 -3435712220.0000000000000000
432 427 0.0017885822400000
477 427 0.0945936924000000
378 428 0.0000569174799000
423 428 0.0011685717900000
425 428 -0.9860370389999999
428 428 -0.0890932081000000
433 428 0.0030153053600000
420 429 -1.3026544700000000
425 429 2.3177766499999999
427 429 -5.5571450599999999
477 429 25.4483998999999983
380 430 0.0000418696132000
425 430 0.0020784811500000
430 430 -0.0717861853000000
431 430 -2.0000000000000000
432 430 -0.0002323738010000
433 430 2.7898249900000001
434 430 1550516180.0000000000000000
435 430 0.0087070930400000
437 430 -0.0001871400400000
439 430 -2917854190.0000000000000000
482 430 0.0010641330000000
487 430 0.0008569894310000
381 431 0.0000418696132000
426 431 0.0021906465100000
430 431 2.0000000000000000
431 431 -0.0717861853000000
436 431 0.0084754026800000
382 432 0.0000012870657100
384 432 127296483.0000000000000000
427 432 0.0015069772500000
432 432 -0.0071925859300000
434 432 -5304347330.0000000000000000
437 432 0.0051807714400000
482 432 0.0618356337000000
383 433 0.0000418696132000
428 433 0.0021930896000000
430 433 -0.9925518330000000
433 433 -0.0717921927000000
438 433 0.0084794809200000
425 434 -2.3177766499999999
430 434 4.4853062899999996
432 434 -5.5571450599999999
482 434 25.4483998999999983
385 435 0.0000355371546000
430 435 0.0055426903700000
435 435 -0.0753177091000000
436 435 -2.0000000000000000
437 435 -0.0001871400400000
438 435 2.7995555400000001
439 435 3449784840.0000000000000000
440 435 0.0173098522000000
442 435 -0.0001651653710000
444 435 -5399895530.0000000000000000
487 435 0.0008569894310000
492 435 0.0007563585940000
386 436 0.0000355371546000
431 436 0.0056984682400000
435 436 2.0000000000000000
436 436 -0.0753177091000000
441 436 0.0170119448000000
387 437 0.0000010316486200
389 437 159563589.0000000000000000
432 437 0.0034840903100000
437 437 -0.0157650674000000
439 437 -6648893040.0000000000000000
442 437 0.0126769551000000
487 437 0.0495644051000000
388 438 0.0000355371546000
433 438 0.0057012102600000
435 438 -0.9960137240000000
438 438 -0.0753241441000000
443 438 0.0170150599000000
430 439 -4.4853062899999996
435 439 7.8039186300000001
437 439 -5.5571450599999999
487 439 25.4483998999999983
390 440 0.0000319930394000
435 440 0.0130732483000000
440 440 -0.0864544189000000
441 440 -2.0000000000000000
442 440 -0.0001651653710000
443 440 2.8057720100000001
444 440 6011402390.0000000000000000
447 440 -0.0001509998450000
449 440 -7491929070.0000000000000000
492 440 0.0007563585940000
497 440 0.0006914889560000
391 441 0.0000319930394000
436 441 0.0133062630000000
440 441 2.0000000000000000
441 441 -0.0864544189000000
392 442 0.0000009080527500
394 442 181772226.0000000000000000
437 442 0.0090453877200000
442 442 -0.0317727640000000
444 442 -7574309980.0000000000000000
447 442 0.0204148851000000
492 442 0.0436263796000000
393 443 0.0000319930394000
438 443 0.0133086995000000
440 443 -0.9982253930000000
443 443 -0.0864584889000000
435 444 -7.8039186300000001
440 444 10.8973063000000003
442 444 -5.5571450599999999
492 444 25.4483998999999983
440 445 0.0209464718000000
445 445 1.0000000000000000
447 445 -0.0001509998450000
449 445 8166739650.0000000000000000
497 445 0.0006914889560000
441 446 0.0212455715000000
446 446 1.0000000000000000
397 447 0.0000008285724650
399 447 199593406.0000000000000000
442 447 0.0177412684000000
447 447 -0.0444604954000000
449 447 -8316904990.0000000000000000
450 447 0.5000000000000000
497 447 0.0398078381000000
443 448 0.0212465991000000
448 448 1.0000000000000000
440 449 -10.8973063000000003
447 449 -5.5571450599999999
497 449 25.4483998999999983
447 450 0.0228096303000000
450 450 0.5000000000000000
451 451 1.0000000000000000
457 451 -36.7226792000000017
459 451 -9.5254021000000009
452 452 1.0000000000000000
453 453 0.5000000000000000
457 453 0.0846679886000000
501 453 0.5000000000000000
454 454 1.0000000000000000
405 455 93.9651137999999975
455 455 1.0000000000000000
457 455 -36.7226792000000017
459 455 20995.9369000000006054
462 455 -0.1416360350000000
464 455 -48521.9570000000021537
406 456 93.9651137999999975
456 456 1.0000000000000000
407 457 88.1267993999999959
409 457 82855.0568999999959487
453 457 -0.5000000000000000
457 457 -12800.2726000000002387
459 457 -282036.8690000000060536
462 457 0.0009922176740000
502 457 0.5000000000000000
408 458 93.9651137999999975
458 458 1.0000000000000000
457 459 -25.4483998999999983
410 460 1.8974795000000000
460 460 1.0000000000000000
462 460 -0.1416360350000000
464 460 2680527.1400000001303852
467 460 -0.0116116408000000
469 460 -6415064.6900000004097819
411 461 1.8974795000000000
461 461 1.0000000000000000
412 462 0.2816155910000000
414 462 31293996.3999999985098839
457 462 0.1946862420000000
462 462 -40.9071027000000029
464 462 -106524105.0000000000000000
467 462 0.0004829853480000
503 462 0.5000000000000000
413 463 1.8974795000000000
463 463 1.0000000000000000
462 464 -25.4483998999999983
415 465 0.3274656170000000
465 465 1.0000000000000000
467 465 -0.0116116408000000
469 465 38780644.7999999970197678
472 465 -0.0033475905600000
474 465 -72866065.7999999970197678
416 466 0.3274656170000000
466 466 1.0000000000000000
417 467 0.0216228447000000
419 467 435179665.0000000000000000
462 467 0.0028019845600000
467 467 -3.1421618100000002
469 467 -1481342410.0000000000000000
472 467 0.0005725705720000
504 467 0.5000000000000000
418 468 0.3274656170000000
468 468 1.0000000000000000
467 469 -25.4483998999999983
420 470 0.1247085970000000
470 470 1.0000000000000000
472 470 -0.0033475905600000
474 470 195559936.0000000000000000
477 470 -0.0016129743400000
479 470 -335695797.0000000000000000
421 471 0.1247085970000000
471 471 1.0000000000000000
422 472 0.0060520856900000
424 472 1601484920.0000000000000000
467 472 0.0010647554600000
472 472 -0.8806300210000000
474 472 -5451420930.0000000000000000
477 472 0.0008364360000000
505 472 0.5000000000000000
423 473 0.1247085970000000
473 473 1.0000000000000000
472 474 -25.4483998999999983
425 475 0.0703768375000000
475 475 1.0000000000000000
477 475 -0.0016129743400000
479 475 602343434.0000000000000000
482 475 -0.0010641330000000
484 475 -1133103610.0000000000000000
426 476 0.0703768375000000
476 476 1.0000000000000000
427 477 0.0028681751400000
429 477 3435712220.0000000000000000
472 477 0.0010211446500000
477 477 -0.4189320420000000
479 477 -11695092100.0000000000000000
482 477 0.0017885822400000
506 477 0.5000000000000000
428 478 0.0703768375000000
478 478 1.0000000000000000
477 479 -25.4483998999999983
430 480 0.0517705803000000
480 480 1.0000000000000000
482 480 -0.0010641330000000
484 480 1550516180.0000000000000000
487 480 -0.0008569894310000
489 480 -2917854190.0000000000000000
431 481 0.0517705803000000
481 481 1.0000000000000000
432 482 0.0018749181200000
434 482 5304347330.0000000000000000
477 482 0.0015069772500000
482 482 -0.2775955010000000
484 482 -18055886600.0000000000000000
487 482 0.0051807714400000
507 482 0.5000000000000000
433 483 0.0517705803000000
483 483 1.0000000000000000
482 484 -25.4483998999999983
435 485 0.0439406762000000
485 485 1.0000000000000000
487 485 -0.0008569894310000
489 485 3449784840.0000000000000000
492 485 -0.0007563585940000
494 485 -5399895530.0000000000000000
436 486 0.0439406762000000
486 486 1.0000000000000000
437 487 0.0015028422200000
439 487 6648893040.0000000000000000
482 487 0.0034840903100000
487 487 -0.2325067560000000
489 487 -22632691900.0000000000000000
492 487 0.0126769551000000
508 487 0.5000000000000000
438 488 0.0439406762000000
488 488 1.0000000000000000
487 489 -25.4483998999999983
440 490 0.0395584790000000
490 490 1.0000000000000000
492 490 -0.0007563585940000
494 490 6011402390.0000000000000000
497 490 -0.0006914889560000
441 491 0.0395584790000000
491 491 1.0000000000000000
442 492 0.0013227953600000
444 492 7574309980.0000000000000000
487 492 0.0090453877200000
492 492 -0.2225478800000000
494 492 -25782791700.0000000000000000
497 492 0.0204148851000000
509 492 0.5000000000000000
443 493 0.0395584790000000
493 493 1.0000000000000000
492 494 -25.4483998999999983
495 495 1.0000000000000000
497 495 -0.0006914889560000
496 496 1.0000000000000000
447 497 0.0012070133700000
449 497 8316904990.0000000000000000
492 497 0.0177412684000000
497 497 -0.2185373960000000
500 497 0.5000000000000000
510 497 0.5000000000000000
498 498 1.0000000000000000
497 499 -25.4483998999999983
499 499 1.0000000000000000
497 500 0.0228096303000000
500 500 0.5000000000000000
511 500 0.5000000000000000
501 501 0.5000000000000000
457 502 9893.5322199999991426
459 502 282036.8690000000060536
502 502 0.5000000000000000
462 503 31.6155010999999995
464 503 106524105.0000000000000000
503 503 0.5000000000000000
467 504 2.4274830399999998
469 504 1481342410.0000000000000000
504 504 0.5000000000000000
472 505 0.6794358270000000
474 505 5451420930.0000000000000000
505 505 0.5000000000000000
477 506 0.3219949370000000
479 506 11695092100.0000000000000000
506 506 0.5000000000000000
482 507 0.2104871950000000
484 507 18055886600.0000000000000000
507 507 0.5000000000000000
487 508 0.1687161910000000
489 508 22632691900.0000000000000000
508 508 0.5000000000000000
492 509 0.1485032770000000
494 509 25782791700.0000000000000000
509 509 0.5000000000000000
497 510 0.1355050430000000
510 510 0.5000000000000000
511 511 0.5000000000000000
