180 180 2659
1 1 105.8056409999999943
2 1 232509.4219999999913853
3 1 2699145.5000000000000000
4 1 137.0561680000000138
1 2 9.1345272099999999
2 2 -400330.5939999999827705
3 2 384702.3750000000000000
4 2 37.0720748999999969
1 3 0.0225793123000000
2 3 165599.0469999999913853
3 3 -3376477.5000000000000000
4 3 0.2600149510000000
1 4 44540.5273000000015600
2 4 145.0955810000000099
3 4 27.0730189999999986
4 4 -174.3882450000000119
5 5 554.0522459999999683
6 5 1328712.5000000000000000
7 5 13803589.0000000000000000
8 5 215.3987270000000080
5 6 49.4817619000000022
6 6 -2195073.5000000000000000
7 6 2084312.0000000000000000
8 6 76.9544754000000069
5 7 0.1164928080000000
6 7 854749.3750000000000000
7 7 -17420608.0000000000000000
8 7 0.5671476720000000
5 8 55857.4882999999972526
6 8 243.6971130000000016
7 8 45.5000266999999994
8 8 -292.9203489999999874
9 9 18298.3690999999998894
10 9 40910808.0000000000000000
11 9 443573280.0000000000000000
12 9 220.2511599999999987
9 10 1514.5325900000000274
10 10 -68653560.0000000000000000
11 10 63406152.0000000000000000
12 10 327.5448910000000069
9 11 3.7288212800000000
10 11 27392668.0000000000000000
11 11 -557657728.0000000000000000
12 11 1.5091551500000000
9 12 65051.3632999999972526
10 12 456.7827760000000126
11 12 85.5696334999999948
12 12 -549.3052370000000337
13 13 42075.6172000000005937
14 13 82016512.0000000000000000
15 13 1011097790.0000000000000000
16 13 69.8170089999999988
19 13 -365552.8439999999827705
13 14 3178.9521500000000742
14 14 -144649648.0000000000000000
15 14 131429640.0000000000000000
16 14 497.5949100000000271
13 15 8.4200468100000005
14 15 61898004.0000000000000000
15 15 -1259295490.0000000000000000
16 15 0.8893742560000000
19 15 7368100.5000000000000000
13 16 55236.7108999999982188
14 16 472.4571530000000052
15 16 88.6649704000000014
16 16 -568.3013310000000047
17 17 54981.4922000000005937
18 17 94719904.0000000000000000
19 17 1326532610.0000000000000000
20 17 37.1434860000000029
23 17 -2732941.0000000000000000
27 17 -42.0708046000000024
17 18 3868.4877900000001318
18 18 -176097568.0000000000000000
19 18 158283744.0000000000000000
20 18 575.9988399999999729
17 19 10.9434357000000002
18 19 80484008.0000000000000000
19 19 -1636125820.0000000000000000
20 19 0.6176031230000000
23 19 30003068.0000000000000000
27 19 1605.4845000000000255
17 20 53441.7617000000027474
18 20 510.1729129999999941
19 20 95.8420792000000006
20 20 -613.7600099999999657
21 21 60364.3358999999982188
22 21 98250768.0000000000000000
23 21 1481513090.0000000000000000
24 21 33.7970734000000022
27 21 -11674572.0000000000000000
31 21 -897.1516110000000026
21 22 4139.6176800000002913
22 22 -188032368.0000000000000000
23 22 168405392.0000000000000000
24 22 611.9197390000000496
21 23 12.0763759999999998
22 23 88827448.0000000000000000
23 23 -1804574980.0000000000000000
24 23 0.5841945410000000
27 23 72251032.0000000000000000
31 23 24361.5332000000016706
21 24 54510.5117000000027474
22 24 537.1946410000000469
23 24 100.9537349999999947
24 24 -646.3009640000000218
25 25 70223.7813000000023749
26 25 101515520.0000000000000000
27 25 1777091970.0000000000000000
28 25 32.5197028999999986
31 25 -43605912.0000000000000000
35 25 -6146.0942400000003545
25 26 4596.3696300000001429
26 26 -207903440.0000000000000000
27 26 184911824.0000000000000000
28 26 674.7895509999999604
25 27 14.3169421999999997
26 27 105333664.0000000000000000
27 27 -2136835330.0000000000000000
28 27 0.5724195240000000
31 27 202099568.0000000000000000
35 27 170802.4219999999913853
25 28 56319.5625000000000000
26 28 588.3251340000000482
27 28 110.6331789999999984
28 28 -707.8817749999999478
19 29 -61983388.0000000000000000
23 29 -76558544.0000000000000000
27 29 -42685036.0000000000000000
29 29 79639.0625000000000000
30 29 104904544.0000000000000000
31 29 2130266880.0000000000000000
32 29 35.1014137000000019
35 29 -122170024.0000000000000000
39 29 -58816.4257999999972526
29 30 5018.3076199999995879
30 30 -225713312.0000000000000000
31 30 200130176.0000000000000000
32 30 735.3689580000000205
19 31 57600908.0000000000000000
23 31 70923880.0000000000000000
27 31 39622880.0000000000000000
29 31 16.2643146999999999
30 31 119670376.0000000000000000
31 31 -2415448060.0000000000000000
32 31 0.6084198360000000
35 31 387520512.0000000000000000
39 31 1196966.3799999998882413
29 32 60026.8632999999972526
30 32 640.8137819999999465
31 32 120.5487519999999932
32 32 -771.0788569999999709
19 33 -26493890.0000000000000000
23 33 -132171936.0000000000000000
27 33 -200579888.0000000000000000
31 33 -223305088.0000000000000000
33 33 93378.9140999999945052
34 33 111375456.0000000000000000
35 33 2610089470.0000000000000000
36 33 40.1561966000000012
39 33 -267910144.0000000000000000
43 33 -839752.5000000000000000
33 34 5745.9956099999999424
34 34 -257193328.0000000000000000
35 34 227059712.0000000000000000
36 34 841.1594850000000179
19 35 24171866.0000000000000000
23 35 118019088.0000000000000000
27 35 179648176.0000000000000000
31 35 201525216.0000000000000000
33 35 19.6418418999999993
34 35 144539840.0000000000000000
35 35 -2789817860.0000000000000000
36 35 0.7046701909999999
39 35 659876928.0000000000000000
43 35 9040859.0000000000000000
33 36 66553.9609000000054948
34 36 732.9710690000000568
35 36 137.9396669999999858
36 36 -882.0205079999999498
23 37 -7766900.5000000000000000
27 37 -86000648.0000000000000000
31 37 -236626176.0000000000000000
35 37 -333390496.0000000000000000
37 37 114012.1250000000000000
38 37 123871352.0000000000000000
39 37 3373909760.0000000000000000
40 37 48.5447425999999993
43 37 -519225536.0000000000000000
47 37 -4597182.0000000000000000
51 37 -2428.7028799999998228
37 38 7329.1293900000000576
38 38 -325632256.0000000000000000
39 38 285909280.0000000000000000
40 38 1072.4321299999999155
46 38 1796.3211699999999382
47 38 -1796.3211699999999382
23 39 6845858.5000000000000000
27 39 71110872.0000000000000000
31 39 197796400.0000000000000000
35 39 299906368.0000000000000000
37 39 27.2024669999999986
38 39 200200736.0000000000000000
39 39 -3597925890.0000000000000000
40 39 0.9550636410000000
43 39 1129021310.0000000000000000
46 39 -66503.2265999999945052
47 39 31067302.0000000000000000
51 39 43398.0820000000021537
37 40 81699.5313000000023749
38 40 932.2923580000000356
39 40 175.5132600000000025
40 40 -1121.9320099999999911
27 41 -41158172.0000000000000000
31 41 -634580928.0000000000000000
35 41 -796189440.0000000000000000
39 41 -865729088.0000000000000000
41 41 147488.6879999999946449
42 41 152490304.0000000000000000
43 41 4621712900.0000000000000000
44 41 62.5795097000000027
47 41 -1103988610.0000000000000000
51 41 -13319450.0000000000000000
55 41 -113900.1950000000069849
59 41 -6700.6450199999999313
63 41 -1757.3983200000000124
67 41 -1129.6047399999999925
71 41 -649.5618289999999888
75 41 -150.3362730000000056
41 42 10403.1708999999991647
42 42 -460848096.0000000000000000
43 42 401327328.0000000000000000
44 42 1521.9721700000000055
46 42 342163.9060000000172295
47 42 -342163.9060000000172295
50 42 12734.8114999999997963
51 42 -12734.8114999999997963
27 43 33514066.0000000000000000
31 43 502356864.0000000000000000
35 43 640177600.0000000000000000
39 43 736509376.0000000000000000
41 43 41.6177520999999970
42 43 306365536.0000000000000000
43 43 -4935548420.0000000000000000
44 43 1.4475007099999999
46 43 -5680307.0000000000000000
47 43 2000500990.0000000000000000
50 43 -329063.7189999999827705
51 43 65065296.0000000000000000
55 43 1438351.7500000000000000
59 43 99885.4765999999945052
63 43 22892.3104999999995925
67 43 16635.1641000000017812
71 43 11991.3965000000007421
75 43 2775.3193400000000111
41 44 109188.7970000000059372
42 44 1317.8660899999999856
43 44 248.1693879999999979
44 44 -1585.9992700000000241
31 45 -233549504.0000000000000000
35 45 -707154240.0000000000000000
39 45 -1234323070.0000000000000000
43 45 -2104684540.0000000000000000
45 45 207445.9379999999946449
46 45 217380672.0000000000000000
47 45 6584545790.0000000000000000
48 45 87.9060211000000038
51 45 -2078500860.0000000000000000
55 45 -40532652.0000000000000000
59 45 -1346621.3799999998882413
63 45 -165288.8910000000032596
67 45 -64140.6601999999984400
71 45 -50918.4492000000027474
75 45 -64659.9608999999982188
79 45 -69099.6405999999988126
83 45 -6278.1674800000000687
45 46 16834.8690999999998894
46 46 -754492608.0000000000000000
47 46 649024512.0000000000000000
48 46 2462.7502399999998488
50 46 2329651.7500000000000000
51 46 -2329651.7500000000000000
54 46 113633.4140000000043074
55 46 -113633.4140000000043074
31 47 185062512.0000000000000000
35 47 550071808.0000000000000000
39 47 995476096.0000000000000000
43 47 1784601470.0000000000000000
45 47 72.4965363000000025
46 47 533945696.0000000000000000
47 47 -7180370430.0000000000000000
48 47 2.5114915400000002
50 47 -21392374.0000000000000000
51 47 3173328640.0000000000000000
54 47 -2207615.7500000000000000
55 47 149748416.0000000000000000
59 47 9479312.0000000000000000
63 47 1460823.2500000000000000
67 47 614849.7500000000000000
71 47 464679.1250000000000000
75 47 597871.6250000000000000
79 47 669416.3129999999655411
83 47 126012.4220000000059372
45 48 160301.4059999999881256
46 48 2121.4619099999999889
47 48 399.5738830000000235
48 48 -2553.1677199999999175
35 49 -268537600.0000000000000000
39 49 -452785152.0000000000000000
43 49 -1050541250.0000000000000000
47 49 -3550336260.0000000000000000
49 49 288081.5939999999827705
50 49 312025824.0000000000000000
51 49 8673899520.0000000000000000
52 49 121.9742970000000071
55 49 -3636549380.0000000000000000
59 49 -80465528.0000000000000000
63 49 -7441002.5000000000000000
67 49 -1528419.2500000000000000
71 49 -564774.6879999999655411
75 49 -499235.9689999999827705
79 49 -790056.3129999999655411
83 49 -1145624.3799999998882413
87 49 -555361.3750000000000000
91 49 -8607.7402299999994284
49 50 27668.3516000000017812
50 50 -1273800830.0000000000000000
51 50 1078904700.0000000000000000
52 50 4047.3698699999999917
54 50 17057930.0000000000000000
55 50 -17057930.0000000000000000
58 50 698458.1250000000000000
59 50 -698458.1250000000000000
62 50 371.1966859999999997
63 50 -371.1966859999999997
35 51 196161552.0000000000000000
39 51 345306464.0000000000000000
43 51 872927936.0000000000000000
47 51 3155058180.0000000000000000
49 51 130.0112919999999974
50 51 957906688.0000000000000000
51 51 -9936226300.0000000000000000
52 51 4.4907879800000003
54 51 -106642120.0000000000000000
55 51 4994112000.0000000000000000
58 51 -10800339.0000000000000000
59 51 237999168.0000000000000000
62 51 -10403.5791000000008353
63 51 32606216.0000000000000000
67 51 8626757.0000000000000000
71 51 3115835.5000000000000000
75 51 2687710.0000000000000000
79 51 4631835.5000000000000000
83 51 7554920.5000000000000000
87 51 5855414.0000000000000000
91 51 145537.5309999999881256
49 52 232732.2030000000086147
50 52 3467.9941399999997884
51 52 653.3231809999999768
52 52 -4173.8349600000001374
35 53 -13226579.0000000000000000
39 53 -216730336.0000000000000000
43 53 -339260064.0000000000000000
47 53 -789364032.0000000000000000
51 53 -4379992580.0000000000000000
53 53 488855.0939999999827705
54 53 574058432.0000000000000000
55 53 11790546900.0000000000000000
56 53 206.9341430000000059
59 53 -3796388100.0000000000000000
63 53 -142807168.0000000000000000
67 53 -26540056.0000000000000000
71 53 -6495937.5000000000000000
75 53 -2884622.0000000000000000
79 53 -2600725.0000000000000000
83 53 -3724711.5000000000000000
87 53 -6858718.0000000000000000
91 53 -4588445.0000000000000000
95 53 -145335.3589999999967404
53 54 52736.5507999999972526
54 54 -2547343620.0000000000000000
55 54 2126329980.0000000000000000
56 54 7714.2817400000003545
58 54 85079104.0000000000000000
59 54 -85079104.0000000000000000
62 54 3540889.2500000000000000
63 54 -3540889.2500000000000000
66 54 29505.8104999999995925
67 54 -29505.8104999999995925
70 54 1447.5286900000000969
71 54 -1447.5286900000000969
82 54 501.9204710000000205
83 54 -501.9204710000000205
35 55 9327381.0000000000000000
39 55 141715776.0000000000000000
43 55 236655696.0000000000000000
47 55 621782784.0000000000000000
51 55 3963634430.0000000000000000
53 55 267.0522159999999872
54 55 1966629380.0000000000000000
55 55 -13896268800.0000000000000000
56 55 9.2170763000000004
58 55 -352850688.0000000000000000
59 55 4935951870.0000000000000000
62 55 -38484152.0000000000000000
63 55 340790912.0000000000000000
66 55 -449974.9380000000237487
67 55 76414416.0000000000000000
70 55 -26350.7891000000017812
71 55 21324024.0000000000000000
75 55 9472035.0000000000000000
79 55 8458163.0000000000000000
82 55 -14948.7011999999995169
83 55 13276852.0000000000000000
87 55 30363640.0000000000000000
91 55 32187560.0000000000000000
95 55 1186345.3799999998882413
53 56 389884.1250000000000000
54 56 6589.2084999999997308
55 56 1241.4486099999999169
56 56 -7930.4331099999999424
35 57 -24010564.0000000000000000
39 57 -128380328.0000000000000000
43 57 -238691376.0000000000000000
47 57 -351781856.0000000000000000
51 57 -654397824.0000000000000000
55 57 -5756379650.0000000000000000
57 57 718167.1879999999655411
58 57 910115584.0000000000000000
59 57 11351568400.0000000000000000
60 57 303.9392399999999839
63 57 -3997380350.0000000000000000
67 57 -216385472.0000000000000000
71 57 -42936628.0000000000000000
75 57 -13716487.0000000000000000
79 57 -5831575.5000000000000000
83 57 -7451841.5000000000000000
87 57 -14398824.0000000000000000
91 57 -21297152.0000000000000000
95 57 -20947958.0000000000000000
46 58 55798372.0000000000000000
47 58 -55798372.0000000000000000
50 58 75551632.0000000000000000
51 58 -75551632.0000000000000000
54 58 89853536.0000000000000000
55 58 -89853536.0000000000000000
57 58 85682.0390999999945052
58 58 -4444112900.0000000000000000
59 58 3670264580.0000000000000000
60 58 12533.3721000000005006
62 58 348317312.0000000000000000
63 58 -348317312.0000000000000000
66 58 11856597.0000000000000000
67 58 -11856597.0000000000000000
70 58 238466.2500000000000000
71 58 -238466.2500000000000000
74 58 20300.2246000000013737
75 58 -20300.2246000000013737
78 58 10893.9375000000000000
79 58 -10893.9375000000000000
82 58 11564.6942999999992026
83 58 -11564.6942999999992026
86 58 15883.2715000000007421
87 58 -15883.2715000000007421
90 58 9831.4101599999994505
91 58 -9831.4101599999994505
35 59 9216748.0000000000000000
39 59 79572184.0000000000000000
43 59 147686880.0000000000000000
46 59 -47986576.0000000000000000
47 59 273209088.0000000000000000
50 59 -65269104.0000000000000000
51 59 565606400.0000000000000000
54 59 -77873368.0000000000000000
55 59 5327434240.0000000000000000
57 59 480.4704590000000053
58 59 3520132860.0000000000000000
59 59 -14852538400.0000000000000000
60 59 16.5697402999999994
62 59 -1027545660.0000000000000000
63 59 5635121660.0000000000000000
66 59 -99013864.0000000000000000
67 59 476861056.0000000000000000
70 59 -2512172.7500000000000000
71 59 94705712.0000000000000000
74 59 -265985.1560000000172295
75 59 32853992.0000000000000000
78 59 -142738.5780000000086147
79 59 14734164.0000000000000000
82 59 -186197.5160000000032596
83 59 17476796.0000000000000000
86 59 -277488.0310000000172295
87 59 35328924.0000000000000000
90 59 -197465.5160000000032596
91 59 68441264.0000000000000000
95 59 95571136.0000000000000000
57 60 558163.8750000000000000
58 60 10679.8163999999997031
59 60 2012.3607199999999011
60 60 -12853.8798999999999069
35 61 -7175005.5000000000000000
39 61 -27746944.0000000000000000
47 61 -136753104.0000000000000000
51 61 -454568032.0000000000000000
55 61 -609859008.0000000000000000
59 61 -5388276220.0000000000000000
61 61 1170986.8799999998882413
62 61 1552077310.0000000000000000
63 61 11616992300.0000000000000000
64 61 495.5140989999999874
67 61 -4478715390.0000000000000000
71 61 -234527232.0000000000000000
75 61 -60996480.0000000000000000
79 61 -24703894.0000000000000000
83 61 -15886412.0000000000000000
87 61 -21359102.0000000000000000
91 61 -48410872.0000000000000000
95 61 -57846352.0000000000000000
99 61 -6826007.0000000000000000
46 62 24360126.0000000000000000
47 62 -24360126.0000000000000000
50 62 74028736.0000000000000000
51 62 -74028736.0000000000000000
54 62 193391216.0000000000000000
55 62 -193391216.0000000000000000
58 62 421334016.0000000000000000
59 62 -421334016.0000000000000000
61 62 151270.7190000000118744
62 62 -8266369020.0000000000000000
63 62 6787924990.0000000000000000
64 62 22127.3457000000016706
66 62 1171374850.0000000000000000
67 62 -1171374850.0000000000000000
70 62 35393912.0000000000000000
71 62 -35393912.0000000000000000
74 62 1576416.8799999998882413
75 62 -1576416.8799999998882413
78 62 257613.7190000000118744
79 62 -257613.7190000000118744
82 62 99229.1875000000000000
83 62 -99229.1875000000000000
86 62 106840.1950000000069849
87 62 -106840.1950000000069849
90 62 154388.6719999999913853
91 62 -154388.6719999999913853
94 62 127480.7500000000000000
95 62 -127480.7500000000000000
35 63 3196349.2500000000000000
39 63 12360818.0000000000000000
46 63 -20744906.0000000000000000
47 63 112539152.0000000000000000
50 63 -62476784.0000000000000000
51 63 357417408.0000000000000000
54 63 -167887760.0000000000000000
55 63 627986176.0000000000000000
58 63 -373639936.0000000000000000
59 63 5341228030.0000000000000000
61 63 968.0648800000000165
62 63 6711869440.0000000000000000
63 63 -18333085700.0000000000000000
64 63 33.3662720000000022
66 63 -2814306560.0000000000000000
67 63 7878483970.0000000000000000
70 63 -210806800.0000000000000000
71 63 578924928.0000000000000000
74 63 -11474628.0000000000000000
75 63 117882152.0000000000000000
78 63 -2386937.2500000000000000
79 63 46729664.0000000000000000
82 63 -888683.8129999999655411
83 63 29731870.0000000000000000
86 63 -1012692.3100000000558794
87 63 42207064.0000000000000000
90 63 -1648794.6299999998882413
91 63 105883200.0000000000000000
94 63 -1809279.5000000000000000
95 63 183821840.0000000000000000
99 63 27665038.0000000000000000
61 64 908653.8750000000000000
62 64 18824.0116999999991094
63 64 3547.2150900000001457
64 64 -22656.2246000000013737
39 65 -33959668.0000000000000000
43 65 -60409548.0000000000000000
51 65 -25384620.0000000000000000
55 65 -483188544.0000000000000000
59 65 -649976576.0000000000000000
63 65 -5388585980.0000000000000000
65 65 2138699.2500000000000000
66 65 3086771200.0000000000000000
67 65 13020740600.0000000000000000
68 65 904.9508059999999432
71 65 -4210658050.0000000000000000
75 65 -246889456.0000000000000000
79 65 -70086552.0000000000000000
83 65 -22822636.0000000000000000
87 65 -35294856.0000000000000000
91 65 -47834436.0000000000000000
95 65 -94629592.0000000000000000
99 65 -82791680.0000000000000000
50 66 23597240.0000000000000000
51 66 -23597240.0000000000000000
54 66 322430976.0000000000000000
55 66 -322430976.0000000000000000
58 66 503916960.0000000000000000
59 66 -503916960.0000000000000000
62 66 1042687740.0000000000000000
63 66 -1042687740.0000000000000000
65 66 283415.8130000000237487
66 66 -16892339200.0000000000000000
67 66 13787375600.0000000000000000
68 66 41456.8983999999982188
70 66 2839253500.0000000000000000
71 66 -2839253500.0000000000000000
74 66 87431832.0000000000000000
75 66 -87431832.0000000000000000
78 66 6965777.5000000000000000
79 66 -6965777.5000000000000000
82 66 1065676.2500000000000000
83 66 -1065676.2500000000000000
86 66 469403.1250000000000000
87 66 -469403.1250000000000000
90 66 536908.8750000000000000
91 66 -536908.8750000000000000
94 66 1101450.7500000000000000
95 66 -1101450.7500000000000000
98 66 1164889.3799999998882413
99 66 -1164889.3799999998882413
102 66 51537.4960999999966589
103 66 -51537.4960999999966589
39 67 23240360.0000000000000000
43 67 49274900.0000000000000000
50 67 -16762951.0000000000000000
51 67 34644536.0000000000000000
54 67 -253353536.0000000000000000
55 67 606054144.0000000000000000
58 67 -404926272.0000000000000000
59 67 897669056.0000000000000000
62 67 -905871680.0000000000000000
63 67 5870323200.0000000000000000
65 67 2136.5373500000000604
66 67 13757189100.0000000000000000
67 67 -26714185700.0000000000000000
68 67 73.6241150000000033
70 67 -6014598660.0000000000000000
71 67 10662939600.0000000000000000
74 67 -389265504.0000000000000000
75 67 732233664.0000000000000000
78 67 -44134644.0000000000000000
79 67 153335248.0000000000000000
82 67 -6568113.5000000000000000
83 67 42612644.0000000000000000
86 67 -3318704.2500000000000000
87 67 56918572.0000000000000000
90 67 -4293322.0000000000000000
91 67 83511208.0000000000000000
94 67 -8964795.0000000000000000
95 67 179806384.0000000000000000
98 67 -10329207.0000000000000000
99 67 240720448.0000000000000000
102 67 -1082664.3799999998882413
103 67 1082664.3799999998882413
65 68 1517625.3799999998882413
66 68 35257.3242000000027474
67 68 6644.3691399999997884
68 68 -42435.4766000000017812
39 69 -75629688.0000000000000000
43 69 -36510000.0000000000000000
47 69 -97526888.0000000000000000
55 69 -50178892.0000000000000000
59 69 -255742288.0000000000000000
63 69 -534063072.0000000000000000
67 69 -6097601020.0000000000000000
69 69 3686302.7500000000000000
70 69 5449065980.0000000000000000
71 69 12600857600.0000000000000000
72 69 1559.6449000000000069
75 69 -4213757180.0000000000000000
79 69 -291406848.0000000000000000
83 69 -68781384.0000000000000000
87 69 -53126456.0000000000000000
91 69 -101345936.0000000000000000
95 69 -121470624.0000000000000000
99 69 -235604384.0000000000000000
50 70 16555133.0000000000000000
51 70 -16555133.0000000000000000
54 70 348092896.0000000000000000
55 70 -348092896.0000000000000000
58 70 1142810880.0000000000000000
59 70 -1142810880.0000000000000000
62 70 2251587580.0000000000000000
63 70 -2251587580.0000000000000000
66 70 4627144700.0000000000000000
67 70 -4627144700.0000000000000000
69 70 481974.3750000000000000
70 70 -29423351800.0000000000000000
71 70 23858610200.0000000000000000
72 70 70500.7655999999988126
74 70 7275010560.0000000000000000
75 70 -7275010560.0000000000000000
78 70 173141536.0000000000000000
79 70 -173141536.0000000000000000
82 70 10102872.0000000000000000
83 70 -10102872.0000000000000000
86 70 3706227.5000000000000000
87 70 -3706227.5000000000000000
90 70 3435244.5000000000000000
91 70 -3435244.5000000000000000
94 70 5255601.0000000000000000
95 70 -5255601.0000000000000000
98 70 6800110.0000000000000000
99 70 -6800110.0000000000000000
102 70 5355630.5000000000000000
103 70 -5355630.5000000000000000
106 70 1109284.3799999998882413
107 70 -1109284.3799999998882413
39 71 65014184.0000000000000000
43 71 35334236.0000000000000000
47 71 94386136.0000000000000000
50 71 -11014945.0000000000000000
51 71 11014945.0000000000000000
54 71 -273311584.0000000000000000
55 71 313411232.0000000000000000
58 71 -895555776.0000000000000000
59 71 1111420420.0000000000000000
62 71 -1815335170.0000000000000000
63 71 2245663230.0000000000000000
66 71 -3906887940.0000000000000000
67 71 9486513150.0000000000000000
69 71 4435.4824200000002747
70 71 23890133000.0000000000000000
71 71 -36362903600.0000000000000000
72 71 152.7727050000000020
74 71 -12439574500.0000000000000000
75 71 17024068600.0000000000000000
78 71 -611072256.0000000000000000
79 71 981257408.0000000000000000
82 71 -55738480.0000000000000000
83 71 147254768.0000000000000000
86 71 -18599474.0000000000000000
87 71 94036880.0000000000000000
90 71 -14753072.0000000000000000
91 71 161898608.0000000000000000
94 71 -22817830.0000000000000000
95 71 214542304.0000000000000000
98 71 -35722120.0000000000000000
99 71 598589824.0000000000000000
102 71 -40149344.0000000000000000
103 71 40149344.0000000000000000
106 71 -13678657.0000000000000000
107 71 13678657.0000000000000000
69 72 2449488.7500000000000000
70 72 59997.4492000000027474
71 72 11307.4442999999992026
72 72 -72213.1875000000000000
43 73 -60160544.0000000000000000
47 73 -21930824.0000000000000000
55 73 -62939768.0000000000000000
59 73 -293958048.0000000000000000
63 73 -377890368.0000000000000000
67 73 -542271616.0000000000000000
71 73 -5764648450.0000000000000000
73 73 6611216.0000000000000000
74 73 9710690300.0000000000000000
75 73 13082815500.0000000000000000
76 73 2796.8845200000000659
79 73 -4235001090.0000000000000000
83 73 -189467696.0000000000000000
87 73 -91799008.0000000000000000
91 73 -121298992.0000000000000000
95 73 -229426496.0000000000000000
99 73 -376678080.0000000000000000
58 74 650762752.0000000000000000
59 74 -650762752.0000000000000000
62 74 1548623620.0000000000000000
63 74 -1548623620.0000000000000000
66 74 4236909570.0000000000000000
67 74 -4236909570.0000000000000000
70 74 12009008100.0000000000000000
71 74 -12009008100.0000000000000000
73 74 828761.3129999999655411
74 74 -48274800600.0000000000000000
75 74 38484660200.0000000000000000
76 74 121226.1250000000000000
78 74 14296140800.0000000000000000
79 74 -14296140800.0000000000000000
82 74 325108448.0000000000000000
83 74 -325108448.0000000000000000
86 74 52439408.0000000000000000
87 74 -52439408.0000000000000000
90 74 10654630.0000000000000000
91 74 -10654630.0000000000000000
94 74 11690588.0000000000000000
95 74 -11690588.0000000000000000
98 74 14462549.0000000000000000
99 74 -14462549.0000000000000000
102 74 30348280.0000000000000000
103 74 -30348280.0000000000000000
106 74 27610530.0000000000000000
107 74 -27610530.0000000000000000
110 74 14300699.0000000000000000
111 74 -14300699.0000000000000000
43 75 58504944.0000000000000000
47 75 25862802.0000000000000000
55 75 45372176.0000000000000000
58 75 -495688480.0000000000000000
59 75 774376576.0000000000000000
62 75 -1198228220.0000000000000000
63 75 1553888380.0000000000000000
66 75 -3431525890.0000000000000000
67 75 3902890500.0000000000000000
70 75 -10285890600.0000000000000000
71 75 15627887600.0000000000000000
73 75 9633.7158199999994395
74 75 38764175400.0000000000000000
75 75 -51779842000.0000000000000000
76 75 331.6337589999999977
78 75 -20250345500.0000000000000000
79 75 24805408800.0000000000000000
82 75 -893212160.0000000000000000
83 75 1122607100.0000000000000000
86 75 -158381728.0000000000000000
87 75 274035072.0000000000000000
90 75 -34871488.0000000000000000
91 75 197264896.0000000000000000
94 75 -39213176.0000000000000000
95 75 342378496.0000000000000000
98 75 -56591020.0000000000000000
99 75 704762560.0000000000000000
102 75 -128293232.0000000000000000
103 75 128293232.0000000000000000
106 75 -158855424.0000000000000000
107 75 158855424.0000000000000000
110 75 -99697880.0000000000000000
111 75 99697880.0000000000000000
73 76 4120917.0000000000000000
74 76 103317.6480000000010477
75 76 19472.9589999999989232
76 76 -124354.6410000000032596
43 77 -91444904.0000000000000000
51 77 -83523712.0000000000000000
55 77 -14004745.0000000000000000
67 77 -65462816.0000000000000000
71 77 -667906112.0000000000000000
75 77 -6026598400.0000000000000000
77 77 12571711.0000000000000000
78 77 19474708500.0000000000000000
79 77 15116637200.0000000000000000
80 77 5318.0932599999996455
83 77 -3315135490.0000000000000000
87 77 -254412464.0000000000000000
91 77 -285633440.0000000000000000
95 77 -368569856.0000000000000000
99 77 -456838432.0000000000000000
58 78 141957344.0000000000000000
59 78 -141957344.0000000000000000
62 78 516140512.0000000000000000
63 78 -516140512.0000000000000000
66 78 1082324860.0000000000000000
67 78 -1082324860.0000000000000000
70 78 3673451260.0000000000000000
71 78 -3673451260.0000000000000000
74 78 19797192700.0000000000000000
75 78 -19797192700.0000000000000000
77 78 1491026.7500000000000000
78 78 -76432130000.0000000000000000
79 78 57173594100.0000000000000000
80 78 218097.0940000000118744
82 78 17699479600.0000000000000000
83 78 -17699479600.0000000000000000
86 78 557785088.0000000000000000
87 78 -557785088.0000000000000000
90 78 88351296.0000000000000000
91 78 -88351296.0000000000000000
94 78 80169056.0000000000000000
95 78 -80169056.0000000000000000
98 78 92989712.0000000000000000
99 78 -92989712.0000000000000000
102 78 114443416.0000000000000000
103 78 -114443416.0000000000000000
106 78 130234856.0000000000000000
107 78 -130234856.0000000000000000
110 78 97573304.0000000000000000
111 78 -97573304.0000000000000000
114 78 83272424.0000000000000000
115 78 -83272424.0000000000000000
118 78 4836685.5000000000000000
119 78 -4836685.5000000000000000
43 79 107913984.0000000000000000
51 79 122627936.0000000000000000
55 79 12215389.0000000000000000
58 79 -125019208.0000000000000000
59 79 125019208.0000000000000000
62 79 -419216448.0000000000000000
63 79 419216448.0000000000000000
66 79 -866959488.0000000000000000
67 79 949932800.0000000000000000
70 79 -3040755200.0000000000000000
71 79 3707443710.0000000000000000
74 79 -17595414500.0000000000000000
75 79 23359096800.0000000000000000
77 79 22424.9863000000004831
78 79 56903667700.0000000000000000
79 79 -72177451000.0000000000000000
80 79 771.6673580000000356
82 79 -21934524400.0000000000000000
83 79 25451460600.0000000000000000
86 79 -1115208960.0000000000000000
87 79 1412916990.0000000000000000
90 79 -208548080.0000000000000000
91 79 566064000.0000000000000000
94 79 -185557088.0000000000000000
95 79 665446400.0000000000000000
98 79 -207346160.0000000000000000
99 79 872637824.0000000000000000
102 79 -260715952.0000000000000000
103 79 260715952.0000000000000000
106 79 -373265600.0000000000000000
107 79 373265600.0000000000000000
110 79 -399939392.0000000000000000
111 79 399939392.0000000000000000
114 79 -386515520.0000000000000000
115 79 386515520.0000000000000000
118 79 -32772882.0000000000000000
119 79 32772882.0000000000000000
77 80 6791036.0000000000000000
78 80 186259.1559999999881256
79 80 35108.2577999999994063
80 80 -224186.8750000000000000
47 81 -8291238.0000000000000000
51 81 -48845804.0000000000000000
67 81 -345315488.0000000000000000
71 81 -246115808.0000000000000000
75 81 -343682080.0000000000000000
79 81 -6510472700.0000000000000000
81 81 22865954.0000000000000000
82 81 37957734400.0000000000000000
83 81 14682266600.0000000000000000
84 81 9672.0664099999994505
87 81 -2714847490.0000000000000000
91 81 -563157248.0000000000000000
95 81 -779937408.0000000000000000
99 81 -782984448.0000000000000000
103 81 -27859682.0000000000000000
58 82 70198968.0000000000000000
59 82 -70198968.0000000000000000
62 82 249100976.0000000000000000
63 82 -249100976.0000000000000000
66 82 755982208.0000000000000000
67 82 -755982208.0000000000000000
70 82 884813952.0000000000000000
71 82 -884813952.0000000000000000
74 82 2678671360.0000000000000000
75 82 -2678671360.0000000000000000
78 82 26377572400.0000000000000000
79 82 -26377572400.0000000000000000
81 82 2558735.0000000000000000
82 82 -102437863000.0000000000000000
83 82 65410805800.0000000000000000
84 82 374272.0310000000172295
86 82 18939760600.0000000000000000
87 82 -18939760600.0000000000000000
90 82 1154220030.0000000000000000
91 82 -1154220030.0000000000000000
94 82 261758672.0000000000000000
95 82 -261758672.0000000000000000
98 82 31796706.0000000000000000
99 82 -31796706.0000000000000000
102 82 76718824.0000000000000000
103 82 -76718824.0000000000000000
106 82 220402464.0000000000000000
107 82 -220402464.0000000000000000
110 82 308963968.0000000000000000
111 82 -308963968.0000000000000000
114 82 482405792.0000000000000000
115 82 -482405792.0000000000000000
118 82 314887360.0000000000000000
119 82 -314887360.0000000000000000
47 83 9081574.0000000000000000
51 83 88799048.0000000000000000
58 83 -79667624.0000000000000000
59 83 79667624.0000000000000000
62 83 -272874752.0000000000000000
63 83 272874752.0000000000000000
66 83 -810576256.0000000000000000
67 83 1369273340.0000000000000000
70 83 -856228288.0000000000000000
71 83 1177146620.0000000000000000
74 83 -2443802620.0000000000000000
75 83 2904492800.0000000000000000
78 83 -24579219500.0000000000000000
79 83 31243683800.0000000000000000
81 83 49491.3945000000021537
82 83 63475429400.0000000000000000
83 83 -78917632000.0000000000000000
84 83 1702.3533899999999903
86 83 -21713100800.0000000000000000
87 83 24520773600.0000000000000000
90 83 -1744493700.0000000000000000
91 83 2397783300.0000000000000000
94 83 -434007520.0000000000000000
95 83 1536221060.0000000000000000
98 83 -58758272.0000000000000000
99 83 1324159620.0000000000000000
102 83 -150933664.0000000000000000
103 83 220823152.0000000000000000
106 83 -425444352.0000000000000000
107 83 425444352.0000000000000000
110 83 -678503936.0000000000000000
111 83 678503936.0000000000000000
114 83 -1369107710.0000000000000000
115 83 1369107710.0000000000000000
118 83 -1185384580.0000000000000000
119 83 1185384580.0000000000000000
81 84 10420368.0000000000000000
82 84 320398.7189999999827705
83 84 60398.0039000000033411
84 84 -385646.3750000000000000
47 85 -94628352.0000000000000000
51 85 -6081747.0000000000000000
59 85 -36192392.0000000000000000
67 85 -73213856.0000000000000000
75 85 -77959704.0000000000000000
79 85 -221375504.0000000000000000
83 85 -5471794180.0000000000000000
85 85 43482236.0000000000000000
86 85 76079276000.0000000000000000
87 85 15061477400.0000000000000000
88 85 18390.9628999999986263
91 85 -3044371970.0000000000000000
95 85 -1437957500.0000000000000000
99 85 -1198329730.0000000000000000
103 85 -983341248.0000000000000000
54 86 12656755.0000000000000000
55 86 -12656755.0000000000000000
66 86 15966660.0000000000000000
67 86 -15966660.0000000000000000
70 86 608201280.0000000000000000
71 86 -608201280.0000000000000000
74 86 624964352.0000000000000000
75 86 -624964352.0000000000000000
78 86 2558074880.0000000000000000
79 86 -2558074880.0000000000000000
82 86 24730005500.0000000000000000
83 86 -24730005500.0000000000000000
85 86 4539233.0000000000000000
86 86 -146237719000.0000000000000000
87 86 72725307400.0000000000000000
88 86 663959.2500000000000000
90 86 17448222700.0000000000000000
91 86 -17448222700.0000000000000000
94 86 1905248000.0000000000000000
95 86 -1905248000.0000000000000000
98 86 888737536.0000000000000000
99 86 -888737536.0000000000000000
102 86 378349696.0000000000000000
103 86 -378349696.0000000000000000
106 86 132061752.0000000000000000
107 86 -132061752.0000000000000000
110 86 181300304.0000000000000000
111 86 -181300304.0000000000000000
114 86 282238528.0000000000000000
115 86 -282238528.0000000000000000
118 86 1151471870.0000000000000000
119 86 -1151471870.0000000000000000
122 86 405551040.0000000000000000
123 86 -405551040.0000000000000000
47 87 155172928.0000000000000000
51 87 7678891.5000000000000000
54 87 -18990930.0000000000000000
55 87 18990930.0000000000000000
59 87 43912460.0000000000000000
66 87 -23247456.0000000000000000
67 87 108758976.0000000000000000
70 87 -885541056.0000000000000000
71 87 885541056.0000000000000000
74 87 -770572288.0000000000000000
75 87 858439104.0000000000000000
78 87 -2879528960.0000000000000000
79 87 3172361980.0000000000000000
82 87 -24402454500.0000000000000000
83 87 30751725600.0000000000000000
85 87 106259.2419999999983702
86 87 68571381800.0000000000000000
87 87 -85965815800.0000000000000000
88 87 3652.8947800000000825
90 87 -18927351800.0000000000000000
91 87 22040780800.0000000000000000
94 87 -2519052800.0000000000000000
95 87 4346928130.0000000000000000
98 87 -1252961790.0000000000000000
99 87 2760123140.0000000000000000
102 87 -542883264.0000000000000000
103 87 2892820480.0000000000000000
106 87 -205842848.0000000000000000
107 87 205842848.0000000000000000
110 87 -447711552.0000000000000000
111 87 447711552.0000000000000000
114 87 -679342528.0000000000000000
115 87 679342528.0000000000000000
118 87 -2710347520.0000000000000000
119 87 2710347520.0000000000000000
122 87 -1169380220.0000000000000000
123 87 1169380220.0000000000000000
85 88 16549166.0000000000000000
86 88 569927.6879999999655411
87 88 107449.5230000000010477
88 88 -686003.1250000000000000
39 89 -14600428.0000000000000000
43 89 -9895004.0000000000000000
47 89 -65320048.0000000000000000
51 89 -53157196.0000000000000000
55 89 -66094428.0000000000000000
59 89 -25489908.0000000000000000
63 89 -271495968.0000000000000000
67 89 -21959992.0000000000000000
71 89 -43132968.0000000000000000
75 89 -101399136.0000000000000000
79 89 -187480352.0000000000000000
83 89 -111459040.0000000000000000
87 89 -2903382270.0000000000000000
89 89 81734944.0000000000000000
90 89 133446803000.0000000000000000
91 89 20022939600.0000000000000000
92 89 34566.1797000000005937
95 89 -5012788740.0000000000000000
99 89 -1771584260.0000000000000000
103 89 -260270288.0000000000000000
54 90 22960906.0000000000000000
55 90 -22960906.0000000000000000
78 90 234360624.0000000000000000
79 90 -234360624.0000000000000000
82 90 1943915010.0000000000000000
83 90 -1943915010.0000000000000000
86 90 19482384400.0000000000000000
87 90 -19482384400.0000000000000000
89 90 7689136.5000000000000000
90 90 -205123502000.0000000000000000
91 90 76663726100.0000000000000000
92 90 1124687.7500000000000000
94 90 17839761400.0000000000000000
95 90 -17839761400.0000000000000000
98 90 1150174590.0000000000000000
99 90 -1150174590.0000000000000000
102 90 1057832260.0000000000000000
103 90 -1057832260.0000000000000000
106 90 865224832.0000000000000000
107 90 -865224832.0000000000000000
110 90 784595840.0000000000000000
111 90 -784595840.0000000000000000
114 90 589996608.0000000000000000
115 90 -589996608.0000000000000000
118 90 127652968.0000000000000000
119 90 -127652968.0000000000000000
122 90 239968720.0000000000000000
123 90 -239968720.0000000000000000
39 91 20025764.0000000000000000
43 91 13571862.0000000000000000
47 91 121123080.0000000000000000
51 91 84362640.0000000000000000
54 91 -38063060.0000000000000000
55 91 165322192.0000000000000000
59 91 32479832.0000000000000000
63 91 460621696.0000000000000000
67 91 27225124.0000000000000000
71 91 52621500.0000000000000000
75 91 146954832.0000000000000000
78 91 -322225344.0000000000000000
79 91 624042240.0000000000000000
82 91 -2530365700.0000000000000000
83 91 2658021630.0000000000000000
86 91 -19773261800.0000000000000000
87 91 22957942800.0000000000000000
89 91 195552.8910000000032596
90 91 70517784600.0000000000000000
91 91 -95317688300.0000000000000000
92 91 6716.0356400000000576
94 91 -18449346600.0000000000000000
95 91 23624151000.0000000000000000
98 91 -1356824320.0000000000000000
99 91 3604402430.0000000000000000
102 91 -1298837380.0000000000000000
103 91 1958427650.0000000000000000
106 91 -1131325950.0000000000000000
107 91 1131325950.0000000000000000
110 91 -1150595580.0000000000000000
111 91 1150595580.0000000000000000
114 91 -824581120.0000000000000000
115 91 824581120.0000000000000000
118 91 -248483552.0000000000000000
119 91 248483552.0000000000000000
122 91 -672160192.0000000000000000
123 91 672160192.0000000000000000
89 92 27230330.0000000000000000
90 92 968654.7500000000000000
91 92 182656.8129999999946449
92 92 -1165970.0000000000000000
39 93 -4090847.0000000000000000
43 93 -14012046.0000000000000000
47 93 -17388292.0000000000000000
51 93 -111302440.0000000000000000
55 93 -185820320.0000000000000000
59 93 -43081688.0000000000000000
63 93 -44466700.0000000000000000
67 93 -156881952.0000000000000000
71 93 -171028160.0000000000000000
75 93 -359738048.0000000000000000
79 93 -597694720.0000000000000000
83 93 -444442752.0000000000000000
87 93 -907448320.0000000000000000
91 93 -3229403390.0000000000000000
93 93 171020960.0000000000000000
94 93 241101619000.0000000000000000
95 93 31568445400.0000000000000000
96 93 72320.7344000000011874
99 93 -6962490880.0000000000000000
103 93 -3770474750.0000000000000000
58 94 19889248.0000000000000000
59 94 -19889248.0000000000000000
74 94 27982222.0000000000000000
75 94 -27982222.0000000000000000
82 94 1165677570.0000000000000000
83 94 -1165677570.0000000000000000
86 94 2166926080.0000000000000000
87 94 -2166926080.0000000000000000
90 94 14386711600.0000000000000000
91 94 -14386711600.0000000000000000
93 94 14149283.0000000000000000
94 94 -328891826000.0000000000000000
95 94 95975333900.0000000000000000
96 94 2069596.3799999998882413
98 94 14054130700.0000000000000000
99 94 -14054130700.0000000000000000
102 94 348440608.0000000000000000
103 94 -348440608.0000000000000000
106 94 948335872.0000000000000000
107 94 -948335872.0000000000000000
110 94 1147866370.0000000000000000
111 94 -1147866370.0000000000000000
114 94 846356416.0000000000000000
115 94 -846356416.0000000000000000
118 94 2001528960.0000000000000000
119 94 -2001528960.0000000000000000
122 94 20199512.0000000000000000
123 94 -20199512.0000000000000000
39 95 5486555.0000000000000000
43 95 19132938.0000000000000000
47 95 23604224.0000000000000000
51 95 194411648.0000000000000000
55 95 352717152.0000000000000000
58 95 -32963188.0000000000000000
59 95 106251864.0000000000000000
63 95 66869304.0000000000000000
67 95 256926768.0000000000000000
71 95 315085088.0000000000000000
74 95 -47463012.0000000000000000
75 95 604781760.0000000000000000
79 95 1010940220.0000000000000000
82 95 -1751429760.0000000000000000
83 95 2381282300.0000000000000000
86 95 -2987907070.0000000000000000
87 95 4231136260.0000000000000000
90 95 -14844406800.0000000000000000
91 95 18547812400.0000000000000000
93 95 349563.1250000000000000
94 95 87102332900.0000000000000000
95 95 -126674174000.0000000000000000
96 95 11996.3330000000005384
98 95 -13935885300.0000000000000000
99 95 21484640300.0000000000000000
102 95 -381636480.0000000000000000
103 95 6207953920.0000000000000000
106 95 -1046341440.0000000000000000
107 95 1046341440.0000000000000000
110 95 -1304488700.0000000000000000
111 95 1304488700.0000000000000000
114 95 -1014698300.0000000000000000
115 95 1014698300.0000000000000000
118 95 -2518243330.0000000000000000
119 95 2518243330.0000000000000000
122 95 -132081648.0000000000000000
123 95 132081648.0000000000000000
93 96 50969468.0000000000000000
94 96 1789350.8799999998882413
95 96 337490.6880000000237487
96 96 -2153913.5000000000000000
43 97 -60850444.0000000000000000
47 97 -52293460.0000000000000000
51 97 -33195992.0000000000000000
55 97 -74642192.0000000000000000
59 97 -185135904.0000000000000000
63 97 -107849232.0000000000000000
67 97 -113952040.0000000000000000
71 97 -231771840.0000000000000000
75 97 -165731184.0000000000000000
79 97 -209162160.0000000000000000
83 97 -322220512.0000000000000000
87 97 -509045728.0000000000000000
91 97 -769814912.0000000000000000
95 97 -3755965180.0000000000000000
97 97 329576160.0000000000000000
98 97 327470481000.0000000000000000
99 97 38062542800.0000000000000000
100 97 139365.2030000000086147
103 97 -14529056800.0000000000000000
107 97 -590541120.0000000000000000
58 98 23880030.0000000000000000
59 98 -23880030.0000000000000000
62 98 8759624.0000000000000000
63 98 -8759624.0000000000000000
74 98 738470400.0000000000000000
75 98 -738470400.0000000000000000
86 98 214188880.0000000000000000
87 98 -214188880.0000000000000000
90 98 720150272.0000000000000000
91 98 -720150272.0000000000000000
94 98 12306808800.0000000000000000
95 98 -12306808800.0000000000000000
97 98 22182148.0000000000000000
98 98 -414451433000.0000000000000000
99 98 95281594400.0000000000000000
100 98 3244538.7500000000000000
102 98 12089014300.0000000000000000
103 98 -12089014300.0000000000000000
106 98 29359002.0000000000000000
107 98 -29359002.0000000000000000
110 98 756484096.0000000000000000
111 98 -756484096.0000000000000000
114 98 2192369410.0000000000000000
115 98 -2192369410.0000000000000000
118 98 629913536.0000000000000000
119 98 -629913536.0000000000000000
122 98 4577597950.0000000000000000
123 98 -4577597950.0000000000000000
43 99 109688104.0000000000000000
47 99 93428552.0000000000000000
51 99 56923652.0000000000000000
55 99 121078664.0000000000000000
58 99 -36497056.0000000000000000
59 99 355460832.0000000000000000
62 99 -13387773.0000000000000000
63 99 200006928.0000000000000000
67 99 180536992.0000000000000000
71 99 372710880.0000000000000000
74 99 -1141852160.0000000000000000
75 99 1413390210.0000000000000000
79 99 308685472.0000000000000000
83 99 477495168.0000000000000000
86 99 -301508736.0000000000000000
87 99 1028077700.0000000000000000
90 99 -1025486850.0000000000000000
91 99 2073655680.0000000000000000
94 99 -13046667300.0000000000000000
95 99 17628467200.0000000000000000
97 99 483701.8750000000000000
98 99 86866821100.0000000000000000
99 99 -133036843000.0000000000000000
100 99 16591.2930000000014843
102 99 -11594412000.0000000000000000
103 99 25845872600.0000000000000000
106 99 -55997356.0000000000000000
107 99 957283200.0000000000000000
110 99 -813816256.0000000000000000
111 99 813816256.0000000000000000
114 99 -2203399940.0000000000000000
115 99 2203399940.0000000000000000
118 99 -976489408.0000000000000000
119 99 976489408.0000000000000000
122 99 -6061521410.0000000000000000
123 99 6061521410.0000000000000000
97 100 91837336.0000000000000000
98 100 2824801.7500000000000000
99 100 532969.5629999999655411
100 100 -3400494.7500000000000000
43 101 -16924728.0000000000000000
47 101 -58369496.0000000000000000
51 101 -72858848.0000000000000000
55 101 -88421400.0000000000000000
59 101 -71371944.0000000000000000
63 101 -90760176.0000000000000000
67 101 -110614480.0000000000000000
71 101 -78436672.0000000000000000
75 101 -96635008.0000000000000000
79 101 -102354672.0000000000000000
83 101 -117381232.0000000000000000
87 101 -158604304.0000000000000000
91 101 -355402336.0000000000000000
95 101 -950686016.0000000000000000
99 101 -3757327620.0000000000000000
101 101 701766784.0000000000000000
102 101 490504225000.0000000000000000
103 101 48406691800.0000000000000000
104 101 296748.3750000000000000
107 101 -21440266200.0000000000000000
111 101 -2919081.7500000000000000
62 102 43819932.0000000000000000
63 102 -43819932.0000000000000000
66 102 9621662.0000000000000000
67 102 -9621662.0000000000000000
78 102 146012640.0000000000000000
79 102 -146012640.0000000000000000
86 102 1415149310.0000000000000000
87 102 -1415149310.0000000000000000
90 102 822401664.0000000000000000
91 102 -822401664.0000000000000000
98 102 9803591680.0000000000000000
99 102 -9803591680.0000000000000000
101 102 35111608.0000000000000000
102 102 -586949198000.0000000000000000
103 102 101908046000.0000000000000000
104 102 5135700.0000000000000000
106 102 9935936510.0000000000000000
107 102 -9935936510.0000000000000000
110 102 179601760.0000000000000000
111 102 -179601760.0000000000000000
114 102 560288000.0000000000000000
115 102 -560288000.0000000000000000
118 102 3234598140.0000000000000000
119 102 -3234598140.0000000000000000
122 102 1548944260.0000000000000000
123 102 -1548944260.0000000000000000
43 103 26133188.0000000000000000
47 103 90192056.0000000000000000
51 103 112291592.0000000000000000
55 103 135654560.0000000000000000
59 103 108061680.0000000000000000
62 103 -58929452.0000000000000000
63 103 194634656.0000000000000000
66 103 -12939299.0000000000000000
67 103 178302688.0000000000000000
71 103 116611424.0000000000000000
75 103 141308480.0000000000000000
78 103 -194361248.0000000000000000
79 103 343794656.0000000000000000
83 103 168707584.0000000000000000
86 103 -1862414210.0000000000000000
87 103 2088893700.0000000000000000
90 103 -1089149700.0000000000000000
91 103 1588882430.0000000000000000
95 103 1309991040.0000000000000000
98 103 -10587635700.0000000000000000
99 103 15343673300.0000000000000000
101 103 641279.8129999999655411
102 103 96634282000.0000000000000000
103 103 -150353920000.0000000000000000
104 103 21992.8809000000001106
106 103 -9281722370.0000000000000000
107 103 28576397300.0000000000000000
110 103 -228492752.0000000000000000
111 103 263442608.0000000000000000
114 103 -871178688.0000000000000000
115 103 871178688.0000000000000000
118 103 -2823319810.0000000000000000
119 103 2823319810.0000000000000000
122 103 -2300671490.0000000000000000
123 103 2300671490.0000000000000000
101 104 152961792.0000000000000000
102 104 4530731.5000000000000000
103 104 855211.7500000000000000
104 104 -5454441.0000000000000000
47 105 -9532679.0000000000000000
51 105 -11776175.0000000000000000
55 105 -26993116.0000000000000000
59 105 -25664992.0000000000000000
63 105 -20893494.0000000000000000
67 105 -17732228.0000000000000000
71 105 -14665099.0000000000000000
75 105 -12574539.0000000000000000
79 105 -13531382.0000000000000000
83 105 -19821266.0000000000000000
87 105 -48292240.0000000000000000
91 105 -111860928.0000000000000000
95 105 -336498176.0000000000000000
99 105 -880313856.0000000000000000
103 105 -4290290430.0000000000000000
105 105 1433232770.0000000000000000
106 105 1002000550000.0000000000000000
107 105 62339117100.0000000000000000
108 105 606054.8750000000000000
111 105 -18753675300.0000000000000000
115 105 -56386860.0000000000000000
66 106 55487508.0000000000000000
67 106 -55487508.0000000000000000
70 106 20727544.0000000000000000
71 106 -20727544.0000000000000000
78 106 29374892.0000000000000000
79 106 -29374892.0000000000000000
82 106 37045852.0000000000000000
83 106 -37045852.0000000000000000
86 106 33510902.0000000000000000
87 106 -33510902.0000000000000000
90 106 79442904.0000000000000000
91 106 -79442904.0000000000000000
94 106 461901824.0000000000000000
95 106 -461901824.0000000000000000
98 106 10683619.0000000000000000
99 106 -10683619.0000000000000000
102 106 8242435580.0000000000000000
103 106 -8242435580.0000000000000000
105 106 51530540.0000000000000000
106 106 -1142906420000.0000000000000000
107 106 141026804000.0000000000000000
108 106 7537260.5000000000000000
110 106 9740548100.0000000000000000
111 106 -9740548100.0000000000000000
114 106 728226880.0000000000000000
115 106 -728226880.0000000000000000
118 106 372118304.0000000000000000
119 106 -372118304.0000000000000000
122 106 863243200.0000000000000000
123 106 -863243200.0000000000000000
126 106 1148014720.0000000000000000
127 106 -1148014720.0000000000000000
47 107 12395884.0000000000000000
51 107 15294860.0000000000000000
55 107 35121052.0000000000000000
59 107 33361958.0000000000000000
63 107 27133236.0000000000000000
66 107 -64245020.0000000000000000
67 107 87247832.0000000000000000
70 107 -23998940.0000000000000000
71 107 43016100.0000000000000000
75 107 16297550.0000000000000000
78 107 -34224692.0000000000000000
79 107 51740928.0000000000000000
82 107 -43162128.0000000000000000
83 107 68798200.0000000000000000
86 107 -37441840.0000000000000000
87 107 99964416.0000000000000000
90 107 -92363408.0000000000000000
91 107 236993008.0000000000000000
94 107 -533956256.0000000000000000
95 107 968786240.0000000000000000
98 107 -12421191.0000000000000000
99 107 1145108350.0000000000000000
102 107 -8872013820.0000000000000000
103 107 14163817500.0000000000000000
105 107 776865.4379999999655411
106 107 141225853000.0000000000000000
107 107 -204314673000.0000000000000000
108 107 26642.1190999999998894
110 107 -8917039100.0000000000000000
111 107 25140176900.0000000000000000
114 107 -781121280.0000000000000000
115 107 1061935740.0000000000000000
118 107 -697721536.0000000000000000
119 107 697721536.0000000000000000
122 107 -1195705470.0000000000000000
123 107 1195705470.0000000000000000
126 107 -1636391420.0000000000000000
127 107 1636391420.0000000000000000
105 108 162317504.0000000000000000
106 108 6785936.5000000000000000
107 108 1281459.8799999998882413
108 108 -8169958.0000000000000000
55 109 -1009929.6899999999441206
59 109 -788236.8129999999655411
63 109 -482516.8439999999827705
67 109 -315058.5310000000172295
71 109 -204824.2660000000032596
75 109 -242223.0629999999946449
79 109 -435811.9689999999827705
83 109 -837547.2500000000000000
87 109 -4096364.0000000000000000
91 109 -10331151.0000000000000000
95 109 -65235508.0000000000000000
99 109 -371361376.0000000000000000
103 109 -1074332670.0000000000000000
107 109 -5351001090.0000000000000000
109 109 2657434620.0000000000000000
110 109 2397829600000.0000000000000000
111 109 94268473300.0000000000000000
112 109 1123719.1299999998882413
115 109 -20867287000.0000000000000000
119 109 -1407304320.0000000000000000
54 110 7320409.5000000000000000
55 110 -7320409.5000000000000000
58 110 3738144.0000000000000000
59 110 -3738144.0000000000000000
62 110 164807312.0000000000000000
63 110 -164807312.0000000000000000
66 110 33917708.0000000000000000
67 110 -33917708.0000000000000000
70 110 43481708.0000000000000000
71 110 -43481708.0000000000000000
74 110 38355736.0000000000000000
75 110 -38355736.0000000000000000
78 110 567404224.0000000000000000
79 110 -567404224.0000000000000000
82 110 54003436.0000000000000000
83 110 -54003436.0000000000000000
86 110 29326434.0000000000000000
87 110 -29326434.0000000000000000
90 110 100677720.0000000000000000
91 110 -100677720.0000000000000000
94 110 801158464.0000000000000000
95 110 -801158464.0000000000000000
98 110 86178664.0000000000000000
99 110 -86178664.0000000000000000
102 110 98351336.0000000000000000
103 110 -98351336.0000000000000000
106 110 7729652740.0000000000000000
107 110 -7729652740.0000000000000000
109 110 76293040.0000000000000000
110 110 -2660306520000.0000000000000000
111 110 257314177000.0000000000000000
112 110 11159218.0000000000000000
114 110 11941548000.0000000000000000
115 110 -11941548000.0000000000000000
118 110 2635017220.0000000000000000
119 110 -2635017220.0000000000000000
122 110 5011411970.0000000000000000
123 110 -5011411970.0000000000000000
126 110 4745454080.0000000000000000
127 110 -4745454080.0000000000000000
54 111 -7250650.5000000000000000
55 111 8364299.5000000000000000
58 111 -3702522.0000000000000000
59 111 4571710.5000000000000000
62 111 -148130960.0000000000000000
63 111 148663024.0000000000000000
66 111 -30485680.0000000000000000
67 111 30833094.0000000000000000
70 111 -43900332.0000000000000000
71 111 44126344.0000000000000000
74 111 -38725004.0000000000000000
75 111 38992400.0000000000000000
78 111 -543837248.0000000000000000
79 111 544318464.0000000000000000
82 111 -55548716.0000000000000000
83 111 56473936.0000000000000000
86 111 -30165590.0000000000000000
87 111 34663524.0000000000000000
90 111 -97534512.0000000000000000
91 111 108899280.0000000000000000
94 111 -806515008.0000000000000000
95 111 878038592.0000000000000000
98 111 -89867328.0000000000000000
99 111 494074272.0000000000000000
102 111 -102814120.0000000000000000
103 111 1284885120.0000000000000000
106 111 -7978516480.0000000000000000
107 111 13910545400.0000000000000000
109 111 982294.1250000000000000
110 111 262818169000.0000000000000000
111 111 -353301398000.0000000000000000
112 111 33687.0351999999984400
114 111 -10854468600.0000000000000000
115 111 28902922200.0000000000000000
118 111 -2667229950.0000000000000000
119 111 5344195580.0000000000000000
122 111 -3877212160.0000000000000000
123 111 3877212160.0000000000000000
126 111 -3838067710.0000000000000000
127 111 3838067710.0000000000000000
109 112 150789904.0000000000000000
110 112 10229698.0000000000000000
111 112 1932327.6299999998882413
112 112 -12316623.0000000000000000
99 113 -65251232.0000000000000000
103 113 -555418496.0000000000000000
107 113 -1525006210.0000000000000000
111 113 -7388380670.0000000000000000
113 113 4558758400.0000000000000000
114 113 6052408460000.0000000000000000
115 113 187756036000.0000000000000000
116 113 1927710.3799999998882413
119 113 -24717750300.0000000000000000
123 113 -1643227650.0000000000000000
54 114 10597923.0000000000000000
55 114 -10597923.0000000000000000
58 114 17668272.0000000000000000
59 114 -17668272.0000000000000000
62 114 26427584.0000000000000000
63 114 -26427584.0000000000000000
66 114 260161888.0000000000000000
67 114 -260161888.0000000000000000
70 114 8561865.0000000000000000
71 114 -8561865.0000000000000000
74 114 20113584.0000000000000000
75 114 -20113584.0000000000000000
78 114 344189504.0000000000000000
79 114 -344189504.0000000000000000
82 114 17068952.0000000000000000
83 114 -17068952.0000000000000000
86 114 13269508.0000000000000000
87 114 -13269508.0000000000000000
90 114 806522944.0000000000000000
91 114 -806522944.0000000000000000
94 114 30036272.0000000000000000
95 114 -30036272.0000000000000000
98 114 692986240.0000000000000000
99 114 -692986240.0000000000000000
102 114 111067496.0000000000000000
103 114 -111067496.0000000000000000
106 114 217356016.0000000000000000
107 114 -217356016.0000000000000000
110 114 8352886270.0000000000000000
111 114 -8352886270.0000000000000000
113 114 121423040.0000000000000000
114 114 -6645433760000.0000000000000000
115 114 582582141000.0000000000000000
116 114 17760284.0000000000000000
118 114 16266852400.0000000000000000
119 114 -16266852400.0000000000000000
122 114 1527557760.0000000000000000
123 114 -1527557760.0000000000000000
126 114 6631405060.0000000000000000
127 114 -6631405060.0000000000000000
54 115 -9738430.0000000000000000
55 115 9738430.0000000000000000
58 115 -16235374.0000000000000000
59 115 16235374.0000000000000000
62 115 -23907770.0000000000000000
63 115 23907770.0000000000000000
66 115 -218156624.0000000000000000
67 115 218156624.0000000000000000
70 115 -7867497.0000000000000000
71 115 7867497.0000000000000000
74 115 -18846156.0000000000000000
75 115 18846156.0000000000000000
78 115 -307062976.0000000000000000
79 115 307062976.0000000000000000
82 115 -16038258.0000000000000000
83 115 16038258.0000000000000000
86 115 -12586913.0000000000000000
87 115 12586913.0000000000000000
90 115 -717534464.0000000000000000
91 115 717534464.0000000000000000
94 115 -28587328.0000000000000000
95 115 28587328.0000000000000000
98 115 -647916736.0000000000000000
99 115 709225600.0000000000000000
102 115 -107546920.0000000000000000
103 115 618872832.0000000000000000
106 115 -212931872.0000000000000000
107 115 1652115200.0000000000000000
110 115 -8254234620.0000000000000000
111 115 15571908600.0000000000000000
113 115 1463980.0000000000000000
114 115 593260446000.0000000000000000
115 115 -771848733000.0000000000000000
116 115 50206.0976999999984400
118 115 -15296516100.0000000000000000
119 115 38346104800.0000000000000000
122 115 -2340053250.0000000000000000
123 115 5769151490.0000000000000000
126 115 -6642834940.0000000000000000
127 115 6642834940.0000000000000000
113 116 152349488.0000000000000000
114 116 16393398.0000000000000000
115 116 3097020.7500000000000000
116 116 -19738204.0000000000000000
103 117 -202494864.0000000000000000
107 117 -893943552.0000000000000000
111 117 -2676567810.0000000000000000
115 117 -14912064500.0000000000000000
117 117 6663507970.0000000000000000
118 117 12792433200000.0000000000000000
119 117 358751568000.0000000000000000
120 117 2817722.0000000000000000
123 117 -27762085900.0000000000000000
127 117 -1288772100.0000000000000000
62 118 75916208.0000000000000000
63 118 -75916208.0000000000000000
66 118 21847014.0000000000000000
67 118 -21847014.0000000000000000
70 118 400682400.0000000000000000
71 118 -400682400.0000000000000000
74 118 62399788.0000000000000000
75 118 -62399788.0000000000000000
78 118 11854693.0000000000000000
79 118 -11854693.0000000000000000
82 118 600792128.0000000000000000
83 118 -600792128.0000000000000000
86 118 22301062.0000000000000000
87 118 -22301062.0000000000000000
90 118 13486255.0000000000000000
91 118 -13486255.0000000000000000
94 118 493407264.0000000000000000
95 118 -493407264.0000000000000000
98 118 193606976.0000000000000000
99 118 -193606976.0000000000000000
102 118 644936768.0000000000000000
103 118 -644936768.0000000000000000
106 118 400715648.0000000000000000
107 118 -400715648.0000000000000000
110 118 349120256.0000000000000000
111 118 -349120256.0000000000000000
114 118 11212896300.0000000000000000
115 118 -11212896300.0000000000000000
117 118 182814944.0000000000000000
118 118 -14038516900000.0000000000000000
119 118 1232387050000.0000000000000000
120 118 26739946.0000000000000000
122 118 19451367400.0000000000000000
123 118 -19451367400.0000000000000000
126 118 6294528000.0000000000000000
127 118 -6294528000.0000000000000000
62 119 -64792220.0000000000000000
63 119 64792220.0000000000000000
66 119 -19473318.0000000000000000
67 119 19473318.0000000000000000
70 119 -335665312.0000000000000000
71 119 335665312.0000000000000000
74 119 -53316808.0000000000000000
75 119 53316808.0000000000000000
78 119 -10822846.0000000000000000
79 119 10822846.0000000000000000
82 119 -532345888.0000000000000000
83 119 532345888.0000000000000000
86 119 -20011494.0000000000000000
87 119 20011494.0000000000000000
90 119 -12370763.0000000000000000
91 119 12370763.0000000000000000
94 119 -438811008.0000000000000000
95 119 438811008.0000000000000000
98 119 -179924960.0000000000000000
99 119 179924960.0000000000000000
102 119 -600198848.0000000000000000
103 119 776450752.0000000000000000
106 119 -374753056.0000000000000000
107 119 1150562180.0000000000000000
110 119 -336027328.0000000000000000
111 119 2739652610.0000000000000000
114 119 -11015381000.0000000000000000
115 119 25378408400.0000000000000000
117 119 2240745.2500000000000000
118 119 1246222880000.0000000000000000
119 119 -1591815700000.0000000000000000
120 119 76844.8828000000066822
122 119 -19074433000.0000000000000000
123 119 48764084200.0000000000000000
126 119 -7678709250.0000000000000000
127 119 11254054900.0000000000000000
117 120 163071712.0000000000000000
118 120 24612498.0000000000000000
119 120 4649902.0000000000000000
120 120 -29634514.0000000000000000
107 121 -923482048.0000000000000000
111 121 -2001987970.0000000000000000
115 121 -5450319870.0000000000000000
119 121 -21579927600.0000000000000000
121 121 9544654850.0000000000000000
122 121 26918690800000.0000000000000000
123 121 712086389000.0000000000000000
124 121 4036040.0000000000000000
127 121 -36261433300.0000000000000000
131 121 -642335424.0000000000000000
62 122 101997344.0000000000000000
63 122 -101997344.0000000000000000
66 122 243122352.0000000000000000
67 122 -243122352.0000000000000000
70 122 217901008.0000000000000000
71 122 -217901008.0000000000000000
74 122 582781248.0000000000000000
75 122 -582781248.0000000000000000
78 122 278256064.0000000000000000
79 122 -278256064.0000000000000000
82 122 129467064.0000000000000000
83 122 -129467064.0000000000000000
86 122 397461088.0000000000000000
87 122 -397461088.0000000000000000
90 122 150619760.0000000000000000
91 122 -150619760.0000000000000000
94 122 441882208.0000000000000000
95 122 -441882208.0000000000000000
98 122 599084608.0000000000000000
99 122 -599084608.0000000000000000
102 122 461468544.0000000000000000
103 122 -461468544.0000000000000000
106 122 709492864.0000000000000000
107 122 -709492864.0000000000000000
110 122 1104659970.0000000000000000
111 122 -1104659970.0000000000000000
114 122 2180049410.0000000000000000
115 122 -2180049410.0000000000000000
118 122 14347527200.0000000000000000
119 122 -14347527200.0000000000000000
121 122 275666432.0000000000000000
122 122 -29596399400000.0000000000000000
123 122 2657994670000.0000000000000000
124 122 40321132.0000000000000000
126 122 22207584300.0000000000000000
127 122 -22207584300.0000000000000000
130 122 8724877310.0000000000000000
131 122 -8724877310.0000000000000000
62 123 -87809432.0000000000000000
63 123 87809432.0000000000000000
66 123 -209041952.0000000000000000
67 123 209041952.0000000000000000
70 123 -187314896.0000000000000000
71 123 187314896.0000000000000000
74 123 -495534432.0000000000000000
75 123 495534432.0000000000000000
78 123 -236205456.0000000000000000
79 123 236205456.0000000000000000
82 123 -115854784.0000000000000000
83 123 115854784.0000000000000000
86 123 -355665344.0000000000000000
87 123 355665344.0000000000000000
90 123 -134807584.0000000000000000
91 123 134807584.0000000000000000
94 123 -396489536.0000000000000000
95 123 396489536.0000000000000000
98 123 -537800128.0000000000000000
99 123 537800128.0000000000000000
102 123 -417228960.0000000000000000
103 123 417228960.0000000000000000
106 123 -653376064.0000000000000000
107 123 1389597820.0000000000000000
110 123 -1029852540.0000000000000000
111 123 2661380610.0000000000000000
114 123 -2066580350.0000000000000000
115 123 6763077630.0000000000000000
118 123 -13969378300.0000000000000000
119 123 34058184700.0000000000000000
121 123 3513797.0000000000000000
122 123 2677986030000.0000000000000000
123 123 -3371268570000.0000000000000000
124 123 120504.0080000000016298
126 123 -22663340000.0000000000000000
127 123 66730233900.0000000000000000
130 123 -12799891500.0000000000000000
131 123 15632200700.0000000000000000
121 124 175503568.0000000000000000
122 124 36939908.0000000000000000
123 124 6979066.0000000000000000
124 124 -44477680.0000000000000000
107 125 -298930112.0000000000000000
111 125 -1945148540.0000000000000000
115 125 -4571388420.0000000000000000
119 125 -9334550530.0000000000000000
123 125 -33269438500.0000000000000000
125 125 14096379900.0000000000000000
126 125 63414567200000.0000000000000000
127 125 1688671090000.0000000000000000
128 125 5960777.5000000000000000
131 125 -44212199400.0000000000000000
135 125 -422060768.0000000000000000
66 126 97346864.0000000000000000
67 126 -97346864.0000000000000000
70 126 145384208.0000000000000000
71 126 -145384208.0000000000000000
74 126 225378832.0000000000000000
75 126 -225378832.0000000000000000
78 126 675376256.0000000000000000
79 126 -675376256.0000000000000000
82 126 613495360.0000000000000000
83 126 -613495360.0000000000000000
86 126 241349680.0000000000000000
87 126 -241349680.0000000000000000
90 126 141043600.0000000000000000
91 126 -141043600.0000000000000000
94 126 159417664.0000000000000000
95 126 -159417664.0000000000000000
98 126 280522624.0000000000000000
99 126 -280522624.0000000000000000
102 126 557852544.0000000000000000
103 126 -557852544.0000000000000000
106 126 892359104.0000000000000000
107 126 -892359104.0000000000000000
110 126 1529620990.0000000000000000
111 126 -1529620990.0000000000000000
114 126 2696301820.0000000000000000
115 126 -2696301820.0000000000000000
118 126 4762639870.0000000000000000
119 126 -4762639870.0000000000000000
122 126 20030617600.0000000000000000
123 126 -20030617600.0000000000000000
125 126 448501056.0000000000000000
126 126 -70148551600000.0000000000000000
127 126 6708100860000.0000000000000000
128 126 65601284.0000000000000000
130 126 35869601800.0000000000000000
131 126 -35869601800.0000000000000000
134 126 201124224.0000000000000000
135 126 -201124224.0000000000000000
66 127 -83822688.0000000000000000
67 127 83822688.0000000000000000
70 127 -128014144.0000000000000000
71 127 128014144.0000000000000000
74 127 -200568816.0000000000000000
75 127 200568816.0000000000000000
78 127 -600026688.0000000000000000
79 127 600026688.0000000000000000
82 127 -544348480.0000000000000000
83 127 544348480.0000000000000000
86 127 -214114400.0000000000000000
87 127 214114400.0000000000000000
90 127 -126717928.0000000000000000
91 127 126717928.0000000000000000
94 127 -143725504.0000000000000000
95 127 143725504.0000000000000000
98 127 -255765952.0000000000000000
99 127 255765952.0000000000000000
102 127 -511187648.0000000000000000
103 127 511187648.0000000000000000
106 127 -818988928.0000000000000000
107 127 1067402110.0000000000000000
110 127 -1410369920.0000000000000000
111 127 2968717570.0000000000000000
114 127 -2511123710.0000000000000000
115 127 6269184000.0000000000000000
118 127 -4477228030.0000000000000000
119 127 12416072700.0000000000000000
122 127 -19415359500.0000000000000000
123 127 49995948000.0000000000000000
125 127 6183208.0000000000000000
126 127 6734047870000.0000000000000000
127 127 -8397424430000.0000000000000000
128 127 212053.8280000000086147
130 127 -42141442000.0000000000000000
131 127 103998792000.0000000000000000
134 127 -1294805380.0000000000000000
135 127 3936774910.0000000000000000
125 128 195784336.0000000000000000
126 128 59609616.0000000000000000
127 128 11262372.0000000000000000
128 128 -71774112.0000000000000000
111 129 -780931008.0000000000000000
115 129 -3007856900.0000000000000000
119 129 -6193107460.0000000000000000
123 129 -14035198000.0000000000000000
127 129 -56283078700.0000000000000000
129 129 18893129700.0000000000000000
130 129 123935736000000.0000000000000000
131 129 3439384330000.0000000000000000
132 129 7989129.0000000000000000
135 129 -67865493500.0000000000000000
139 129 -209567936.0000000000000000
66 130 204233184.0000000000000000
67 130 -204233184.0000000000000000
70 130 273713952.0000000000000000
71 130 -273713952.0000000000000000
74 130 312632096.0000000000000000
75 130 -312632096.0000000000000000
78 130 285931200.0000000000000000
79 130 -285931200.0000000000000000
82 130 219862272.0000000000000000
83 130 -219862272.0000000000000000
86 130 178179232.0000000000000000
87 130 -178179232.0000000000000000
90 130 128864448.0000000000000000
91 130 -128864448.0000000000000000
94 130 176476864.0000000000000000
95 130 -176476864.0000000000000000
98 130 252097904.0000000000000000
99 130 -252097904.0000000000000000
102 130 409907424.0000000000000000
103 130 -409907424.0000000000000000
106 130 708360064.0000000000000000
107 130 -708360064.0000000000000000
110 130 1205806850.0000000000000000
111 130 -1205806850.0000000000000000
114 130 2497928450.0000000000000000
115 130 -2497928450.0000000000000000
118 130 4606707710.0000000000000000
119 130 -4606707710.0000000000000000
122 130 9469918210.0000000000000000
123 130 -9469918210.0000000000000000
126 130 33026338800.0000000000000000
127 130 -33026338800.0000000000000000
129 130 663379712.0000000000000000
130 130 -138132415000000.0000000000000000
131 130 14162675600000.0000000000000000
132 130 97031128.0000000000000000
134 130 63191801900.0000000000000000
135 130 -63191801900.0000000000000000
138 130 3215285.0000000000000000
139 130 -3215285.0000000000000000
66 131 -181430544.0000000000000000
67 131 181430544.0000000000000000
70 131 -243009792.0000000000000000
71 131 243009792.0000000000000000
74 131 -276948352.0000000000000000
75 131 276948352.0000000000000000
78 131 -253273248.0000000000000000
79 131 253273248.0000000000000000
82 131 -197124720.0000000000000000
83 131 197124720.0000000000000000
86 131 -161174256.0000000000000000
87 131 161174256.0000000000000000
90 131 -116195776.0000000000000000
91 131 116195776.0000000000000000
94 131 -158630768.0000000000000000
95 131 158630768.0000000000000000
98 131 -226401360.0000000000000000
99 131 226401360.0000000000000000
102 131 -368498592.0000000000000000
103 131 368498592.0000000000000000
106 131 -637579136.0000000000000000
107 131 637579136.0000000000000000
110 131 -1088038530.0000000000000000
111 131 1726837120.0000000000000000
114 131 -2274073340.0000000000000000
115 131 4669652990.0000000000000000
118 131 -4226124290.0000000000000000
119 131 9266365440.0000000000000000
122 131 -8799332350.0000000000000000
123 131 20587393000.0000000000000000
126 131 -31644377100.0000000000000000
127 131 82535022600.0000000000000000
129 131 9934446.0000000000000000
130 131 14197043800000.0000000000000000
131 131 -17603416300000.0000000000000000
132 131 340715.2500000000000000
134 131 -90853605400.0000000000000000
135 131 194621735000.0000000000000000
138 131 -70542128.0000000000000000
139 131 2159927810.0000000000000000
129 132 217689952.0000000000000000
130 132 87503024.0000000000000000
131 132 16532855.0000000000000000
132 132 -105360984.0000000000000000
115 133 -1806162940.0000000000000000
119 133 -6624961020.0000000000000000
123 133 -11516346400.0000000000000000
127 133 -23183372300.0000000000000000
131 133 -81610268700.0000000000000000
133 133 28108021800.0000000000000000
134 133 310406313000000.0000000000000000
135 133 9228229020000.0000000000000000
136 133 11885751.0000000000000000
139 133 -99825082400.0000000000000000
143 133 -177535520.0000000000000000
74 134 72658952.0000000000000000
75 134 -72658952.0000000000000000
78 134 87774088.0000000000000000
79 134 -87774088.0000000000000000
82 134 51579316.0000000000000000
83 134 -51579316.0000000000000000
86 134 27632292.0000000000000000
87 134 -27632292.0000000000000000
90 134 29490964.0000000000000000
91 134 -29490964.0000000000000000
94 134 52261488.0000000000000000
95 134 -52261488.0000000000000000
98 134 84294080.0000000000000000
99 134 -84294080.0000000000000000
102 134 143091792.0000000000000000
103 134 -143091792.0000000000000000
106 134 400038784.0000000000000000
107 134 -400038784.0000000000000000
110 134 706944384.0000000000000000
111 134 -706944384.0000000000000000
114 134 1669906430.0000000000000000
115 134 -1669906430.0000000000000000
118 134 3503588350.0000000000000000
119 134 -3503588350.0000000000000000
122 134 6612630020.0000000000000000
123 134 -6612630020.0000000000000000
126 134 16145446900.0000000000000000
127 134 -16145446900.0000000000000000
130 134 50793726000.0000000000000000
131 134 -50793726000.0000000000000000
133 134 1110387070.0000000000000000
134 134 -349497897000000.0000000000000000
135 134 39042225800000.0000000000000000
136 134 162414032.0000000000000000
138 134 85142511600.0000000000000000
139 134 -85142511600.0000000000000000
142 134 654499.1250000000000000
143 134 -654499.1250000000000000
74 135 -65451296.0000000000000000
75 135 65451296.0000000000000000
78 135 -79511400.0000000000000000
79 135 79511400.0000000000000000
82 135 -46876620.0000000000000000
83 135 46876620.0000000000000000
86 135 -25101122.0000000000000000
87 135 25101122.0000000000000000
90 135 -26724608.0000000000000000
91 135 26724608.0000000000000000
94 135 -47343896.0000000000000000
95 135 47343896.0000000000000000
98 135 -76368760.0000000000000000
99 135 76368760.0000000000000000
102 135 -129672168.0000000000000000
103 135 129672168.0000000000000000
106 135 -360426080.0000000000000000
107 135 360426080.0000000000000000
110 135 -638198720.0000000000000000
111 135 638198720.0000000000000000
114 135 -1506592510.0000000000000000
115 135 2955093500.0000000000000000
118 135 -3158141440.0000000000000000
119 135 8335621630.0000000000000000
122 135 -5997349890.0000000000000000
123 135 15133738000.0000000000000000
126 135 -14824943600.0000000000000000
127 135 33802913800.0000000000000000
130 135 -48113442800.0000000000000000
131 135 121385066000.0000000000000000
133 135 18374768.0000000000000000
134 135 39091727000000.0000000000000000
135 135 -48271305200000.0000000000000000
136 135 630262.0629999999655411
138 135 -135897661000.0000000000000000
139 135 298237985000.0000000000000000
142 135 -19456912.0000000000000000
143 135 2238894590.0000000000000000
133 136 241771936.0000000000000000
134 136 145275184.0000000000000000
135 136 27452214.0000000000000000
136 136 -174930064.0000000000000000
119 137 -1414192640.0000000000000000
123 137 -7490714620.0000000000000000
127 137 -16086883300.0000000000000000
131 137 -35244363800.0000000000000000
135 137 -145657496000.0000000000000000
137 137 39364390900.0000000000000000
138 137 690640472000000.0000000000000000
139 137 22399902800000.0000000000000000
140 137 16645723.0000000000000000
143 137 -154350682000.0000000000000000
147 137 -312015680.0000000000000000
106 138 29301470.0000000000000000
107 138 -29301470.0000000000000000
110 138 50061024.0000000000000000
111 138 -50061024.0000000000000000
114 138 172687408.0000000000000000
115 138 -172687408.0000000000000000
118 138 984744960.0000000000000000
119 138 -984744960.0000000000000000
122 138 3997186300.0000000000000000
123 138 -3997186300.0000000000000000
126 138 9847837700.0000000000000000
127 138 -9847837700.0000000000000000
130 138 21571282900.0000000000000000
131 138 -21571282900.0000000000000000
134 138 93510508500.0000000000000000
135 138 -93510508500.0000000000000000
137 138 1759042690.0000000000000000
138 138 -786953637000000.0000000000000000
139 138 96245108400000.0000000000000000
140 138 257291936.0000000000000000
142 138 121523528000.0000000000000000
143 138 -121523528000.0000000000000000
146 138 5582174.5000000000000000
147 138 -5582174.5000000000000000
106 139 -26789238.0000000000000000
107 139 26789238.0000000000000000
110 139 -45768916.0000000000000000
111 139 45768916.0000000000000000
114 139 -158400272.0000000000000000
115 139 158400272.0000000000000000
118 139 -896986624.0000000000000000
119 139 2065978370.0000000000000000
122 139 -3606463740.0000000000000000
123 139 9493852160.0000000000000000
126 139 -8877465600.0000000000000000
127 139 21786921000.0000000000000000
130 139 -19666044900.0000000000000000
131 139 48626901000.0000000000000000
134 139 -88205697000.0000000000000000
135 139 218107888000.0000000000000000
137 139 32332848.0000000000000000
138 139 96309910400000.0000000000000000
139 139 -118642373000000.0000000000000000
140 139 1109380.2500000000000000
142 139 -199682818000.0000000000000000
143 139 456781660000.0000000000000000
146 139 -133027304.0000000000000000
147 139 4068574980.0000000000000000
137 140 270919008.0000000000000000
138 140 228408816.0000000000000000
139 140 43169932.0000000000000000
140 140 -275047008.0000000000000000
123 141 -1741476740.0000000000000000
127 141 -6768709120.0000000000000000
131 141 -21161797600.0000000000000000
135 141 -53885476900.0000000000000000
139 141 -222526226000.0000000000000000
141 141 54136152100.0000000000000000
142 141 1528003200000000.0000000000000000
143 141 54615735300000.0000000000000000
144 141 22892670.0000000000000000
147 141 -287071273000.0000000000000000
151 141 -1226387840.0000000000000000
122 142 220349824.0000000000000000
123 142 -220349824.0000000000000000
126 142 2692178430.0000000000000000
127 142 -2692178430.0000000000000000
130 142 13352263700.0000000000000000
131 142 -13352263700.0000000000000000
134 142 35172814800.0000000000000000
135 142 -35172814800.0000000000000000
138 142 153237209000.0000000000000000
139 142 -153237209000.0000000000000000
141 142 2746609410.0000000000000000
142 142 -1764998830000000.0000000000000000
143 142 236900481000000.0000000000000000
144 142 401743424.0000000000000000
146 142 213487960000.0000000000000000
147 142 -213487960000.0000000000000000
150 142 76385256.0000000000000000
151 142 -76385256.0000000000000000
122 143 -202978720.0000000000000000
123 143 1624792700.0000000000000000
126 143 -2444577790.0000000000000000
127 143 7833077250.0000000000000000
130 143 -11966617600.0000000000000000
131 143 28251775000.0000000000000000
134 143 -31868600300.0000000000000000
135 143 75395489800.0000000000000000
138 143 -144254583000.0000000000000000
139 143 343122608000.0000000000000000
141 143 56264460.0000000000000000
142 143 236988108000000.0000000000000000
143 143 -291509161000000.0000000000000000
144 143 1932242.1299999998882413
146 143 -340770390000.0000000000000000
147 143 807752237000.0000000000000000
150 143 -972259776.0000000000000000
151 143 12113081300.0000000000000000
141 144 296810688.0000000000000000
142 144 354209888.0000000000000000
143 144 66968716.0000000000000000
144 144 -426568352.0000000000000000
127 145 -83431648.0000000000000000
131 145 -11114677200.0000000000000000
135 145 -42418946000.0000000000000000
139 145 -102175138000.0000000000000000
143 145 -363614175000.0000000000000000
145 145 75748999200.0000000000000000
146 145 3610423600000000.0000000000000000
147 145 144067296000000.0000000000000000
148 145 32035170.0000000000000000
151 145 -429042303000.0000000000000000
155 145 -5109534210.0000000000000000
130 146 2906376700.0000000000000000
131 146 -2906376700.0000000000000000
134 146 20845834200.0000000000000000
135 146 -20845834200.0000000000000000
138 146 53626724400.0000000000000000
139 146 -53626724400.0000000000000000
142 146 240707027000.0000000000000000
143 146 -240707027000.0000000000000000
145 146 4406181380.0000000000000000
146 146 -4238961460000000.0000000000000000
147 146 628414919000000.0000000000000000
148 146 644498368.0000000000000000
150 146 325856788000.0000000000000000
151 146 -325856788000.0000000000000000
154 146 606225728.0000000000000000
155 146 -606225728.0000000000000000
127 147 69860720.0000000000000000
130 147 -2653432060.0000000000000000
131 147 11543716900.0000000000000000
134 147 -18712686600.0000000000000000
135 147 51304833000.0000000000000000
138 147 -48683348000.0000000000000000
139 147 130529190000.0000000000000000
142 147 -227086418000.0000000000000000
143 147 551654588000.0000000000000000
145 147 101434392.0000000000000000
146 147 628524172000000.0000000000000000
147 147 -772460606000000.0000000000000000
148 147 4880082.5000000000000000
150 147 -493573177000.0000000000000000
151 147 1180787930000.0000000000000000
154 147 -4464577020.0000000000000000
155 147 36929302500.0000000000000000
145 148 322220192.0000000000000000
146 148 565748800.0000000000000000
147 148 107027896.0000000000000000
148 148 -681413632.0000000000000000
135 149 -21414598700.0000000000000000
139 149 -58561097700.0000000000000000
143 149 -158171988000.0000000000000000
147 149 -716169282000.0000000000000000
149 149 95675744300.0000000000000000
150 149 6642280200000000.0000000000000000
151 149 292571494000000.0000000000000000
152 149 40473100.0000000000000000
155 149 -709605458000.0000000000000000
159 149 -1646449540.0000000000000000
134 150 3691660030.0000000000000000
135 150 -3691660030.0000000000000000
138 150 27407919100.0000000000000000
139 150 -27407919100.0000000000000000
142 150 74742276100.0000000000000000
143 150 -74742276100.0000000000000000
146 150 407724917000.0000000000000000
147 150 -407724917000.0000000000000000
149 150 6275797500.0000000000000000
150 150 -7922808060000000.0000000000000000
151 150 1280326130000000.0000000000000000
152 150 918008704.0000000000000000
154 150 513498284000.0000000000000000
155 150 -513498284000.0000000000000000
158 150 42913304.0000000000000000
159 150 -42913304.0000000000000000
134 151 -3334536960.0000000000000000
135 151 19312599000.0000000000000000
138 151 -24107335700.0000000000000000
139 151 66954981400.0000000000000000
142 151 -66905227300.0000000000000000
143 151 189782000000.0000000000000000
146 151 -383344640000.0000000000000000
147 151 1007360410000.0000000000000000
149 151 160094048.0000000000000000
150 151 1280515910000000.0000000000000000
151 151 -1572892190000000.0000000000000000
152 151 14712516.0000000000000000
154 151 -733113418000.0000000000000000
155 151 1809547660000.0000000000000000
158 151 -307551712.0000000000000000
159 151 11724567600.0000000000000000
149 152 356593344.0000000000000000
150 152 807901696.0000000000000000
151 152 152922000.0000000000000000
152 152 -973194240.0000000000000000
139 153 -42504527900.0000000000000000
143 153 -99590709200.0000000000000000
147 153 -242865029000.0000000000000000
151 153 -1103297900000.0000000000000000
153 153 122371039000.0000000000000000
154 153 14030288100000000.0000000000000000
155 153 694726731000000.0000000000000000
156 153 51826304.0000000000000000
159 153 -1085144960000.0000000000000000
138 154 5735243780.0000000000000000
139 154 -5735243780.0000000000000000
142 154 41948614700.0000000000000000
143 154 -41948614700.0000000000000000
146 154 126342676000.0000000000000000
147 154 -126342676000.0000000000000000
150 154 601742377000.0000000000000000
151 154 -601742377000.0000000000000000
153 154 9244738560.0000000000000000
154 154 -17079948900000000.0000000000000000
155 154 3049408260000000.0000000000000000
156 154 1352521470.0000000000000000
158 154 598651896000.0000000000000000
159 154 -598651896000.0000000000000000
138 155 -5108043780.0000000000000000
139 155 34249224200.0000000000000000
142 155 -36219559900.0000000000000000
143 155 105300476000.0000000000000000
146 155 -111483650000.0000000000000000
147 155 291615506000.0000000000000000
150 155 -562711167000.0000000000000000
151 155 1507414380000.0000000000000000
153 155 266055904.0000000000000000
154 155 3049660320000000.0000000000000000
155 155 -3744181230000000.0000000000000000
156 155 52426016.0000000000000000
158 155 -847703376000.0000000000000000
159 155 2521563660000.0000000000000000
153 156 372592416.0000000000000000
154 156 1209039360.0000000000000000
155 156 229117728.0000000000000000
156 156 -1456774020.0000000000000000
143 157 -124045287000.0000000000000000
147 157 -250459996000.0000000000000000
151 157 -460838339000.0000000000000000
155 157 -1747122780000.0000000000000000
157 157 154616611000.0000000000000000
158 157 34583431000000000.0000000000000000
159 157 1984915650000000.0000000000000000
160 157 65981020.0000000000000000
163 157 -1452925260000.0000000000000000
142 158 13962116100.0000000000000000
143 158 -13962116100.0000000000000000
146 158 66280144900.0000000000000000
147 158 -66280144900.0000000000000000
150 158 172852167000.0000000000000000
151 158 -172852167000.0000000000000000
154 158 853230354000.0000000000000000
155 158 -853230354000.0000000000000000
157 158 13933256700.0000000000000000
158 158 -43317335000000000.0000000000000000
159 158 8733620580000000.0000000000000000
160 158 2040321280.0000000000000000
162 158 735719064000.0000000000000000
163 158 -735719064000.0000000000000000
142 159 -12109206500.0000000000000000
143 159 89366880300.0000000000000000
146 159 -56649863200.0000000000000000
147 159 218622886000.0000000000000000
150 159 -151384916000.0000000000000000
151 159 471696015000.0000000000000000
154 159 -791365616000.0000000000000000
155 159 2245897490000.0000000000000000
157 159 466126848.0000000000000000
158 159 8733888470000000.0000000000000000
159 159 -10718624500000000.0000000000000000
160 159 238801344.0000000000000000
162 159 -967993065000.0000000000000000
163 159 3164872640000.0000000000000000
157 160 367015200.0000000000000000
158 160 1945213700.0000000000000000
159 160 369589248.0000000000000000
160 160 -2345103620.0000000000000000
143 161 -18724929500.0000000000000000
147 161 -128579625000.0000000000000000
151 161 -274356240000.0000000000000000
155 161 -688120332000.0000000000000000
159 161 -2966512470000.0000000000000000
161 161 187895562000.0000000000000000
162 161 104903313000000000.0000000000000000
163 161 7188567290000000.0000000000000000
164 161 113099728.0000000000000000
167 161 -2258001460000.0000000000000000
146 162 12914007000.0000000000000000
147 162 -12914007000.0000000000000000
150 162 40461647900.0000000000000000
151 162 -40461647900.0000000000000000
154 162 134670729000.0000000000000000
155 162 -134670729000.0000000000000000
158 162 1004807000000.0000000000000000
159 162 -1004807000000.0000000000000000
161 162 20892710900.0000000000000000
162 162 -136592836000000000.0000000000000000
163 162 31689224300000000.0000000000000000
164 162 7050008580.0000000000000000
166 162 883066339000.0000000000000000
167 162 -883066339000.0000000000000000
143 163 13132080100.0000000000000000
146 163 -11091814400.0000000000000000
147 163 93281943600.0000000000000000
150 163 -34791252000.0000000000000000
151 163 216504107000.0000000000000000
154 163 -118311297000.0000000000000000
155 163 594861752000.0000000000000000
158 163 -934040306000.0000000000000000
159 163 3358047600000.0000000000000000
161 163 836313600.0000000000000000
162 163 31689490600000000.0000000000000000
163 163 -38877932300000000.0000000000000000
164 163 1349201920.0000000000000000
166 163 -1043978260000.0000000000000000
167 163 4127830050000.0000000000000000
161 164 658051968.0000000000000000
162 164 7050005500.0000000000000000
163 164 1349205630.0000000000000000
164 164 -8512310780.0000000000000000
147 165 -24848271400.0000000000000000
151 165 -54372065300.0000000000000000
155 165 -121648022000.0000000000000000
159 165 -512085787000.0000000000000000
163 165 -4051888500000.0000000000000000
165 165 216429642000.0000000000000000
166 165 304213289000000000.0000000000000000
167 165 25312967400000000.0000000000000000
168 165 730899392.0000000000000000
171 165 -2978538590000.0000000000000000
150 166 1041803970.0000000000000000
151 166 -1041803970.0000000000000000
154 166 5877978620.0000000000000000
155 166 -5877978620.0000000000000000
158 166 38055641100.0000000000000000
159 166 -38055641100.0000000000000000
162 166 1008055290000.0000000000000000
163 166 -1008055290000.0000000000000000
165 166 30244640800.0000000000000000
166 166 -415890754000000000.0000000000000000
167 166 111676975000000000.0000000000000000
168 166 43094171600.0000000000000000
170 166 766335713000.0000000000000000
171 166 -766335713000.0000000000000000
147 167 16703756300.0000000000000000
150 167 -907773120.0000000000000000
151 167 37411688400.0000000000000000
154 167 -5160305150.0000000000000000
155 167 86888579100.0000000000000000
158 167 -33811806200.0000000000000000
159 167 398278722000.0000000000000000
162 167 -952877384000.0000000000000000
163 167 4290863170000.0000000000000000
165 167 1471456640.0000000000000000
166 167 111677448000000000.0000000000000000
167 167 -136990344000000000.0000000000000000
168 167 8367107580.0000000000000000
170 167 -826275201000.0000000000000000
171 167 4489289920000.0000000000000000
165 168 2006962690.0000000000000000
166 168 43094183900.0000000000000000
167 168 8367093760.0000000000000000
168 168 -52192182300.0000000000000000
155 169 -105923040.0000000000000000
159 169 -491250496.0000000000000000
163 169 -83548135400.0000000000000000
167 169 -4102567230000.0000000000000000
169 169 224091423000.0000000000000000
170 169 1264794340000000000.0000000000000000
171 169 132041451000000000.0000000000000000
172 169 6586866180.0000000000000000
175 169 -1937764120000.0000000000000000
162 170 786635840.0000000000000000
163 170 -786635840.0000000000000000
166 170 795512472000.0000000000000000
167 170 -795512472000.0000000000000000
169 170 40885911600.0000000000000000
170 170 -1847726680000000000.0000000000000000
171 170 582932340000000000.0000000000000000
172 170 318407016000.0000000000000000
174 170 401510662000.0000000000000000
175 170 -401510662000.0000000000000000
155 171 82705872.0000000000000000
159 171 383573728.0000000000000000
162 171 -732684480.0000000000000000
163 171 67167027200.0000000000000000
166 171 -775009272000.0000000000000000
167 171 4420751330000.0000000000000000
169 171 2497655550.0000000000000000
170 171 582931928000000000.0000000000000000
171 171 -714973722000000000.0000000000000000
172 171 65512173600.0000000000000000
174 171 -404159431000.0000000000000000
175 171 2521656460000.0000000000000000
169 172 4768183810.0000000000000000
170 172 318406918000.0000000000000000
171 172 65512280100.0000000000000000
172 172 -390506054000.0000000000000000
171 173 -3668043630000.0000000000000000
173 173 218159514000.0000000000000000
174 173 3892015530000000000.0000000000000000
175 173 497789493000000000.0000000000000000
176 173 52616630300.0000000000000000
170 174 503226270000.0000000000000000
171 174 -503226270000.0000000000000000
173 174 50511163400.0000000000000000
174 174 -6090233940000000000.0000000000000000
175 174 2198218140000000000.0000000000000000
176 174 1842475300000.0000000000000000
170 175 -503662215000.0000000000000000
171 175 3969231360000.0000000000000000
173 175 3781494020.0000000000000000
174 175 2198215660000000000.0000000000000000
175 175 -2696006080000000000.0000000000000000
176 175 424498135000.0000000000000000
173 176 10759579600.0000000000000000
174 176 1842474390000.0000000000000000
175 176 424498954000.0000000000000000
176 176 -2319590100000.0000000000000000
175 177 -1646647570000.0000000000000000
177 177 208272589000.0000000000000000
178 177 9311391240000000000.0000000000000000
179 177 1401104920000000000.0000000000000000
180 177 314825146000.0000000000000000
174 178 244072055000.0000000000000000
175 178 -244072055000.0000000000000000
177 178 58345746400.0000000000000000
178 178 -15499383300000000000.0000000000000000
179 178 6187984920000000000.0000000000000000
180 178 7591930360000.0000000000000000
174 179 -247502225000.0000000000000000
175 179 1876960740000.0000000000000000
177 179 5139635710.0000000000000000
178 179 6187979970000000000.0000000000000000
179 179 -7589086540000000000.0000000000000000
180 179 2056983280000.0000000000000000
177 180 20286371800.0000000000000000
178 180 7591926170000.0000000000000000
179 180 2056987480000.0000000000000000
180 180 -9963739020000.0000000000000000
