261 261 1500
1 1 0.0006345177664975
10 1 1.0000000000000000
11 1 230.0000000000000000
21 1 -1.0000000000000000
22 1 230.0000000000000000
2 2 0.0000000120481928
11 2 1.0000000000000000
22 2 -1.0000000000000000
3 3 0.0006345177664975
9 3 1.0000000000000000
11 3 -230.0000000000000000
48 3 -1.0000000000000000
50 3 -230.0000000000000000
4 4 0.0000000120481928
11 4 1.0000000000000000
50 4 -1.0000000000000000
5 5 0.0002860411899313
9 5 0.7071067811865001
10 5 -0.7071067811865001
11 5 -215.2691193457999930
30 5 -0.7071067811865001
31 5 0.7071067811865001
32 5 -110.0000000000000000
6 6 0.0000000131578947
11 6 1.0000000000000000
32 6 -1.0000000000000000
7 7 0.0002860411899313
9 7 0.7071067811865001
10 7 0.7071067811865001
11 7 -215.2691193457999930
25 7 -0.7071067811865001
26 7 -0.7071067811865001
27 7 -110.0000000000000000
8 8 0.0000000131578947
11 8 1.0000000000000000
27 8 -1.0000000000000000
3 9 1.0000000000000000
4 9 -1.0000000000000000
5 9 0.7071067811865001
6 9 -0.7071067811865001
7 9 0.7071067811865001
8 9 -0.7071067811865001
12 9 1.0000000000000000
1 10 1.0000000000000000
2 10 1.0000000000000000
5 10 -0.7071067811865001
6 10 0.7071067811865001
7 10 0.7071067811865001
8 10 -0.7071067811865001
13 10 1.0000000000000000
1 11 230.0000000000000000
2 11 230.0000000000000000
3 11 -230.0000000000000000
4 11 230.0000000000000000
5 11 -215.2691193457999930
6 11 215.2691193457999930
7 11 -215.2691193457999930
8 11 215.2691193457999930
9 12 1.0000000000000000
12 12 0.0001182172833668
10 13 1.0000000000000000
14 14 0.0006345177664975
20 14 1.0000000000000000
22 14 -230.0000000000000000
63 14 -1.0000000000000000
65 14 -230.0000000000000000
15 15 0.0000000120481928
22 15 1.0000000000000000
65 15 -1.0000000000000000
16 16 0.0002860411899313
20 16 0.7071067811865001
21 16 -0.7071067811865001
22 16 -215.2691193457999930
33 16 -0.7071067811865001
34 16 0.7071067811865001
35 16 -110.0000000000000000
17 17 0.0000000131578947
22 17 1.0000000000000000
35 17 -1.0000000000000000
18 18 0.0002860411899313
20 18 0.7071067811865001
21 18 0.7071067811865001
22 18 -215.2691193457999930
30 18 -0.7071067811865001
31 18 -0.7071067811865001
32 18 -110.0000000000000000
19 19 0.0000000131578947
22 19 1.0000000000000000
32 19 -1.0000000000000000
14 20 1.0000000000000000
15 20 -1.0000000000000000
16 20 0.7071067811865001
17 20 -0.7071067811865001
18 20 0.7071067811865001
19 20 -0.7071067811865001
23 20 0.7071067811865001
24 20 -0.7071067811865001
1 21 -1.0000000000000000
2 21 -1.0000000000000000
16 21 -0.7071067811865001
17 21 0.7071067811865001
18 21 0.7071067811865001
19 21 -0.7071067811865001
23 21 0.7071067811865001
24 21 0.7071067811865001
1 22 230.0000000000000000
2 22 230.0000000000000000
14 22 -230.0000000000000000
15 22 230.0000000000000000
16 22 -215.2691193457999930
17 22 215.2691193457999930
18 22 -215.2691193457999930
19 22 215.2691193457999930
20 23 0.7071067811865001
21 23 0.7071067811865001
23 23 0.0001182172833668
20 24 -0.7071067811865001
21 24 0.7071067811865001
7 25 -0.7071067811865001
8 25 0.7071067811865001
29 25 -1.0000000000000000
44 25 -0.7071067811865001
45 25 -0.7071067811865001
7 26 -0.7071067811865001
8 26 0.7071067811865001
44 26 0.7071067811865001
45 26 0.7071067811865001
7 27 -110.0000000000000000
8 27 110.0000000000000000
28 27 1.0000000000000000
44 27 110.0000000000000000
45 27 110.0000000000000000
27 28 1.0000000000000000
25 29 -1.0000000000000000
5 30 -0.7071067811865001
6 30 0.7071067811865001
18 30 -0.7071067811865001
19 30 0.7071067811865001
46 30 -0.7071067811865001
47 30 -0.7071067811865001
59 30 -0.7071067811865001
60 30 -0.7071067811865001
5 31 0.7071067811865001
6 31 -0.7071067811865001
18 31 -0.7071067811865001
19 31 0.7071067811865001
46 31 -0.7071067811865001
47 31 -0.7071067811865001
59 31 0.7071067811865001
60 31 0.7071067811865001
5 32 -110.0000000000000000
6 32 110.0000000000000000
18 32 -110.0000000000000000
19 32 110.0000000000000000
46 32 110.0000000000000000
47 32 110.0000000000000000
59 32 110.0000000000000000
60 32 110.0000000000000000
16 33 -0.7071067811865001
17 33 0.7071067811865001
61 33 -0.7071067811865001
62 33 -0.7071067811865001
70 33 -0.7071067811865001
71 33 -0.7071067811865001
16 34 0.7071067811865001
17 34 -0.7071067811865001
61 34 -0.7071067811865001
62 34 -0.7071067811865001
70 34 0.7071067811865001
71 34 0.7071067811865001
16 35 -110.0000000000000000
17 35 110.0000000000000000
61 35 110.0000000000000000
62 35 110.0000000000000000
70 35 110.0000000000000000
71 35 110.0000000000000000
36 36 0.0006345177664975
49 36 1.0000000000000000
50 36 230.0000000000000000
64 36 -1.0000000000000000
65 36 230.0000000000000000
37 37 0.0000000120481928
50 37 1.0000000000000000
65 37 -1.0000000000000000
38 38 0.0006345177664975
48 38 1.0000000000000000
50 38 -230.0000000000000000
100 38 -1.0000000000000000
102 38 -230.0000000000000000
39 39 0.0000000120481928
50 39 1.0000000000000000
102 39 -1.0000000000000000
40 40 0.0002860411899313
48 40 0.7071067811865001
49 40 -0.7071067811865001
50 40 -215.2691193457999930
82 40 -0.7071067811865001
83 40 0.7071067811865001
84 40 -110.0000000000000000
41 41 0.0000000131578947
50 41 1.0000000000000000
84 41 -1.0000000000000000
42 42 0.0002860411899313
48 42 0.7071067811865001
49 42 0.7071067811865001
50 42 -215.2691193457999930
77 42 -0.7071067811865001
78 42 -0.7071067811865001
79 42 -110.0000000000000000
43 43 0.0000000131578947
50 43 1.0000000000000000
79 43 -1.0000000000000000
25 44 -0.7071067811865001
26 44 0.7071067811865001
27 44 110.0000000000000000
44 44 0.0002860411899313
48 44 0.7071067811865001
49 44 -0.7071067811865001
50 44 215.2691193457999930
27 45 -1.0000000000000000
45 45 0.0000000131578947
50 45 1.0000000000000000
30 46 -0.7071067811865001
31 46 -0.7071067811865001
32 46 110.0000000000000000
46 46 0.0002860411899313
48 46 0.7071067811865001
49 46 0.7071067811865001
50 46 215.2691193457999930
32 47 -1.0000000000000000
47 47 0.0000000131578947
50 47 1.0000000000000000
3 48 -1.0000000000000000
4 48 1.0000000000000000
38 48 1.0000000000000000
39 48 -1.0000000000000000
40 48 0.7071067811865001
41 48 -0.7071067811865001
42 48 0.7071067811865001
43 48 -0.7071067811865001
44 48 0.7071067811865001
45 48 0.7071067811865001
46 48 0.7071067811865001
47 48 0.7071067811865001
36 49 1.0000000000000000
37 49 1.0000000000000000
40 49 -0.7071067811865001
41 49 0.7071067811865001
42 49 0.7071067811865001
43 49 -0.7071067811865001
44 49 -0.7071067811865001
45 49 -0.7071067811865001
46 49 0.7071067811865001
47 49 0.7071067811865001
3 50 -230.0000000000000000
4 50 230.0000000000000000
36 50 230.0000000000000000
37 50 230.0000000000000000
38 50 -230.0000000000000000
39 50 230.0000000000000000
40 50 -215.2691193457999930
41 50 215.2691193457999930
42 50 -215.2691193457999930
43 50 215.2691193457999930
44 50 215.2691193457999930
45 50 215.2691193457999930
46 50 215.2691193457999930
47 50 215.2691193457999930
51 51 0.0006345177664975
64 51 1.0000000000000000
65 51 230.0000000000000000
73 51 -1.0000000000000000
74 51 230.0000000000000000
52 52 0.0000000120481928
65 52 1.0000000000000000
74 52 -1.0000000000000000
53 53 0.0006345177664975
63 53 1.0000000000000000
65 53 -230.0000000000000000
115 53 -1.0000000000000000
117 53 -230.0000000000000000
54 54 0.0000000120481928
65 54 1.0000000000000000
117 54 -1.0000000000000000
55 55 0.0002860411899313
63 55 0.7071067811865001
64 55 -0.7071067811865001
65 55 -215.2691193457999930
85 55 -0.7071067811865001
86 55 0.7071067811865001
87 55 -110.0000000000000000
56 56 0.0000000131578947
65 56 1.0000000000000000
87 56 -1.0000000000000000
57 57 0.0002860411899313
63 57 0.7071067811865001
64 57 0.7071067811865001
65 57 -215.2691193457999930
82 57 -0.7071067811865001
83 57 -0.7071067811865001
84 57 -110.0000000000000000
58 58 0.0000000131578947
65 58 1.0000000000000000
84 58 -1.0000000000000000
30 59 -0.7071067811865001
31 59 0.7071067811865001
32 59 110.0000000000000000
59 59 0.0002860411899313
63 59 0.7071067811865001
64 59 -0.7071067811865001
65 59 215.2691193457999930
32 60 -1.0000000000000000
60 60 0.0000000131578947
65 60 1.0000000000000000
33 61 -0.7071067811865001
34 61 -0.7071067811865001
35 61 110.0000000000000000
61 61 0.0002860411899313
63 61 0.7071067811865001
64 61 0.7071067811865001
65 61 215.2691193457999930
35 62 -1.0000000000000000
62 62 0.0000000131578947
65 62 1.0000000000000000
14 63 -1.0000000000000000
15 63 1.0000000000000000
53 63 1.0000000000000000
54 63 -1.0000000000000000
55 63 0.7071067811865001
56 63 -0.7071067811865001
57 63 0.7071067811865001
58 63 -0.7071067811865001
59 63 0.7071067811865001
60 63 0.7071067811865001
61 63 0.7071067811865001
62 63 0.7071067811865001
36 64 -1.0000000000000000
37 64 -1.0000000000000000
51 64 1.0000000000000000
52 64 1.0000000000000000
55 64 -0.7071067811865001
56 64 0.7071067811865001
57 64 0.7071067811865001
58 64 -0.7071067811865001
59 64 -0.7071067811865001
60 64 -0.7071067811865001
61 64 0.7071067811865001
62 64 0.7071067811865001
14 65 -230.0000000000000000
15 65 230.0000000000000000
36 65 230.0000000000000000
37 65 230.0000000000000000
51 65 230.0000000000000000
52 65 230.0000000000000000
53 65 -230.0000000000000000
54 65 230.0000000000000000
55 65 -215.2691193457999930
56 65 215.2691193457999930
57 65 -215.2691193457999930
58 65 215.2691193457999930
59 65 215.2691193457999930
60 65 215.2691193457999930
61 65 215.2691193457999930
62 65 215.2691193457999930
66 66 0.0006345177664975
72 66 1.0000000000000000
74 66 -230.0000000000000000
124 66 -1.0000000000000000
126 66 -230.0000000000000000
67 67 0.0000000120481928
74 67 1.0000000000000000
126 67 -1.0000000000000000
68 68 0.0002860411899313
72 68 0.7071067811865001
73 68 0.7071067811865001
74 68 -215.2691193457999930
85 68 -0.7071067811865001
86 68 -0.7071067811865001
87 68 -110.0000000000000000
69 69 0.0000000131578947
74 69 1.0000000000000000
87 69 -1.0000000000000000
33 70 -0.7071067811865001
34 70 0.7071067811865001
35 70 110.0000000000000000
70 70 0.0002860411899313
72 70 0.7071067811865001
73 70 -0.7071067811865001
74 70 215.2691193457999930
35 71 -1.0000000000000000
71 71 0.0000000131578947
74 71 1.0000000000000000
66 72 1.0000000000000000
67 72 -1.0000000000000000
68 72 0.7071067811865001
69 72 -0.7071067811865001
70 72 0.7071067811865001
71 72 0.7071067811865001
75 72 0.7071067811865001
76 72 -0.7071067811865001
51 73 -1.0000000000000000
52 73 -1.0000000000000000
68 73 0.7071067811865001
69 73 -0.7071067811865001
70 73 -0.7071067811865001
71 73 -0.7071067811865001
75 73 0.7071067811865001
76 73 0.7071067811865001
51 74 230.0000000000000000
52 74 230.0000000000000000
66 74 -230.0000000000000000
67 74 230.0000000000000000
68 74 -215.2691193457999930
69 74 215.2691193457999930
70 74 215.2691193457999930
71 74 215.2691193457999930
72 75 0.7071067811865001
73 75 0.7071067811865001
75 75 0.0001182172833668
72 76 -0.7071067811865001
73 76 0.7071067811865001
42 77 -0.7071067811865001
43 77 0.7071067811865001
81 77 -1.0000000000000000
96 77 -0.7071067811865001
97 77 -0.7071067811865001
42 78 -0.7071067811865001
43 78 0.7071067811865001
96 78 0.7071067811865001
97 78 0.7071067811865001
42 79 -110.0000000000000000
43 79 110.0000000000000000
80 79 1.0000000000000000
96 79 110.0000000000000000
97 79 110.0000000000000000
79 80 1.0000000000000000
77 81 -1.0000000000000000
40 82 -0.7071067811865001
41 82 0.7071067811865001
57 82 -0.7071067811865001
58 82 0.7071067811865001
98 82 -0.7071067811865001
99 82 -0.7071067811865001
111 82 -0.7071067811865001
112 82 -0.7071067811865001
40 83 0.7071067811865001
41 83 -0.7071067811865001
57 83 -0.7071067811865001
58 83 0.7071067811865001
98 83 -0.7071067811865001
99 83 -0.7071067811865001
111 83 0.7071067811865001
112 83 0.7071067811865001
40 84 -110.0000000000000000
41 84 110.0000000000000000
57 84 -110.0000000000000000
58 84 110.0000000000000000
98 84 110.0000000000000000
99 84 110.0000000000000000
111 84 110.0000000000000000
112 84 110.0000000000000000
55 85 -0.7071067811865001
56 85 0.7071067811865001
68 85 -0.7071067811865001
69 85 0.7071067811865001
113 85 -0.7071067811865001
114 85 -0.7071067811865001
122 85 -0.7071067811865001
123 85 -0.7071067811865001
55 86 0.7071067811865001
56 86 -0.7071067811865001
68 86 -0.7071067811865001
69 86 0.7071067811865001
113 86 -0.7071067811865001
114 86 -0.7071067811865001
122 86 0.7071067811865001
123 86 0.7071067811865001
55 87 -110.0000000000000000
56 87 110.0000000000000000
68 87 -110.0000000000000000
69 87 110.0000000000000000
113 87 110.0000000000000000
114 87 110.0000000000000000
122 87 110.0000000000000000
123 87 110.0000000000000000
88 88 0.0006345177664975
101 88 1.0000000000000000
102 88 230.0000000000000000
116 88 -1.0000000000000000
117 88 230.0000000000000000
89 89 0.0000000120481928
102 89 1.0000000000000000
117 89 -1.0000000000000000
90 90 0.0006345177664975
100 90 1.0000000000000000
102 90 -230.0000000000000000
152 90 -1.0000000000000000
154 90 -230.0000000000000000
91 91 0.0000000120481928
102 91 1.0000000000000000
154 91 -1.0000000000000000
92 92 0.0002860411899313
100 92 0.7071067811865001
101 92 -0.7071067811865001
102 92 -215.2691193457999930
134 92 -0.7071067811865001
135 92 0.7071067811865001
136 92 -110.0000000000000000
93 93 0.0000000131578947
102 93 1.0000000000000000
136 93 -1.0000000000000000
94 94 0.0002860411899313
100 94 0.7071067811865001
101 94 0.7071067811865001
102 94 -215.2691193457999930
129 94 -0.7071067811865001
130 94 -0.7071067811865001
131 94 -110.0000000000000000
95 95 0.0000000131578947
102 95 1.0000000000000000
131 95 -1.0000000000000000
77 96 -0.7071067811865001
78 96 0.7071067811865001
79 96 110.0000000000000000
96 96 0.0002860411899313
100 96 0.7071067811865001
101 96 -0.7071067811865001
102 96 215.2691193457999930
79 97 -1.0000000000000000
97 97 0.0000000131578947
102 97 1.0000000000000000
82 98 -0.7071067811865001
83 98 -0.7071067811865001
84 98 110.0000000000000000
98 98 0.0002860411899313
100 98 0.7071067811865001
101 98 0.7071067811865001
102 98 215.2691193457999930
84 99 -1.0000000000000000
99 99 0.0000000131578947
102 99 1.0000000000000000
38 100 -1.0000000000000000
39 100 1.0000000000000000
90 100 1.0000000000000000
91 100 -1.0000000000000000
92 100 0.7071067811865001
93 100 -0.7071067811865001
94 100 0.7071067811865001
95 100 -0.7071067811865001
96 100 0.7071067811865001
97 100 0.7071067811865001
98 100 0.7071067811865001
99 100 0.7071067811865001
88 101 1.0000000000000000
89 101 1.0000000000000000
92 101 -0.7071067811865001
93 101 0.7071067811865001
94 101 0.7071067811865001
95 101 -0.7071067811865001
96 101 -0.7071067811865001
97 101 -0.7071067811865001
98 101 0.7071067811865001
99 101 0.7071067811865001
38 102 -230.0000000000000000
39 102 230.0000000000000000
88 102 230.0000000000000000
89 102 230.0000000000000000
90 102 -230.0000000000000000
91 102 230.0000000000000000
92 102 -215.2691193457999930
93 102 215.2691193457999930
94 102 -215.2691193457999930
95 102 215.2691193457999930
96 102 215.2691193457999930
97 102 215.2691193457999930
98 102 215.2691193457999930
99 102 215.2691193457999930
103 103 0.0006345177664975
116 103 1.0000000000000000
117 103 230.0000000000000000
125 103 -1.0000000000000000
126 103 230.0000000000000000
104 104 0.0000000120481928
117 104 1.0000000000000000
126 104 -1.0000000000000000
105 105 0.0006345177664975
115 105 1.0000000000000000
117 105 -230.0000000000000000
167 105 -1.0000000000000000
169 105 -230.0000000000000000
106 106 0.0000000120481928
117 106 1.0000000000000000
169 106 -1.0000000000000000
107 107 0.0002860411899313
115 107 0.7071067811865001
116 107 -0.7071067811865001
117 107 -215.2691193457999930
137 107 -0.7071067811865001
138 107 0.7071067811865001
139 107 -110.0000000000000000
108 108 0.0000000131578947
117 108 1.0000000000000000
139 108 -1.0000000000000000
109 109 0.0002860411899313
115 109 0.7071067811865001
116 109 0.7071067811865001
117 109 -215.2691193457999930
134 109 -0.7071067811865001
135 109 -0.7071067811865001
136 109 -110.0000000000000000
110 110 0.0000000131578947
117 110 1.0000000000000000
136 110 -1.0000000000000000
82 111 -0.7071067811865001
83 111 0.7071067811865001
84 111 110.0000000000000000
111 111 0.0002860411899313
115 111 0.7071067811865001
116 111 -0.7071067811865001
117 111 215.2691193457999930
84 112 -1.0000000000000000
112 112 0.0000000131578947
117 112 1.0000000000000000
85 113 -0.7071067811865001
86 113 -0.7071067811865001
87 113 110.0000000000000000
113 113 0.0002860411899313
115 113 0.7071067811865001
116 113 0.7071067811865001
117 113 215.2691193457999930
87 114 -1.0000000000000000
114 114 0.0000000131578947
117 114 1.0000000000000000
53 115 -1.0000000000000000
54 115 1.0000000000000000
105 115 1.0000000000000000
106 115 -1.0000000000000000
107 115 0.7071067811865001
108 115 -0.7071067811865001
109 115 0.7071067811865001
110 115 -0.7071067811865001
111 115 0.7071067811865001
112 115 0.7071067811865001
113 115 0.7071067811865001
114 115 0.7071067811865001
88 116 -1.0000000000000000
89 116 -1.0000000000000000
103 116 1.0000000000000000
104 116 1.0000000000000000
107 116 -0.7071067811865001
108 116 0.7071067811865001
109 116 0.7071067811865001
110 116 -0.7071067811865001
111 116 -0.7071067811865001
112 116 -0.7071067811865001
113 116 0.7071067811865001
114 116 0.7071067811865001
53 117 -230.0000000000000000
54 117 230.0000000000000000
88 117 230.0000000000000000
89 117 230.0000000000000000
103 117 230.0000000000000000
104 117 230.0000000000000000
105 117 -230.0000000000000000
106 117 230.0000000000000000
107 117 -215.2691193457999930
108 117 215.2691193457999930
109 117 -215.2691193457999930
110 117 215.2691193457999930
111 117 215.2691193457999930
112 117 215.2691193457999930
113 117 215.2691193457999930
114 117 215.2691193457999930
118 118 0.0006345177664975
124 118 1.0000000000000000
126 118 -230.0000000000000000
176 118 -1.0000000000000000
178 118 -230.0000000000000000
119 119 0.0000000120481928
126 119 1.0000000000000000
178 119 -1.0000000000000000
120 120 0.0002860411899313
124 120 0.7071067811865001
125 120 0.7071067811865001
126 120 -215.2691193457999930
137 120 -0.7071067811865001
138 120 -0.7071067811865001
139 120 -110.0000000000000000
121 121 0.0000000131578947
126 121 1.0000000000000000
139 121 -1.0000000000000000
85 122 -0.7071067811865001
86 122 0.7071067811865001
87 122 110.0000000000000000
122 122 0.0002860411899313
124 122 0.7071067811865001
125 122 -0.7071067811865001
126 122 215.2691193457999930
87 123 -1.0000000000000000
123 123 0.0000000131578947
126 123 1.0000000000000000
66 124 -1.0000000000000000
67 124 1.0000000000000000
118 124 1.0000000000000000
119 124 -1.0000000000000000
120 124 0.7071067811865001
121 124 -0.7071067811865001
122 124 0.7071067811865001
123 124 0.7071067811865001
128 124 -1.0000000000000000
103 125 -1.0000000000000000
104 125 -1.0000000000000000
120 125 0.7071067811865001
121 125 -0.7071067811865001
122 125 -0.7071067811865001
123 125 -0.7071067811865001
127 125 1.0000000000000000
66 126 -230.0000000000000000
67 126 230.0000000000000000
103 126 230.0000000000000000
104 126 230.0000000000000000
118 126 -230.0000000000000000
119 126 230.0000000000000000
120 126 -215.2691193457999930
121 126 215.2691193457999930
122 126 215.2691193457999930
123 126 215.2691193457999930
125 127 1.0000000000000000
127 127 0.0001182172833668
124 128 -1.0000000000000000
94 129 -0.7071067811865001
95 129 0.7071067811865001
133 129 -1.0000000000000000
148 129 -0.7071067811865001
149 129 -0.7071067811865001
94 130 -0.7071067811865001
95 130 0.7071067811865001
148 130 0.7071067811865001
149 130 0.7071067811865001
94 131 -110.0000000000000000
95 131 110.0000000000000000
132 131 1.0000000000000000
148 131 110.0000000000000000
149 131 110.0000000000000000
131 132 1.0000000000000000
129 133 -1.0000000000000000
92 134 -0.7071067811865001
93 134 0.7071067811865001
109 134 -0.7071067811865001
110 134 0.7071067811865001
150 134 -0.7071067811865001
151 134 -0.7071067811865001
163 134 -0.7071067811865001
164 134 -0.7071067811865001
92 135 0.7071067811865001
93 135 -0.7071067811865001
109 135 -0.7071067811865001
110 135 0.7071067811865001
150 135 -0.7071067811865001
151 135 -0.7071067811865001
163 135 0.7071067811865001
164 135 0.7071067811865001
92 136 -110.0000000000000000
93 136 110.0000000000000000
109 136 -110.0000000000000000
110 136 110.0000000000000000
150 136 110.0000000000000000
151 136 110.0000000000000000
163 136 110.0000000000000000
164 136 110.0000000000000000
107 137 -0.7071067811865001
108 137 0.7071067811865001
120 137 -0.7071067811865001
121 137 0.7071067811865001
165 137 -0.7071067811865001
166 137 -0.7071067811865001
174 137 -0.7071067811865001
175 137 -0.7071067811865001
107 138 0.7071067811865001
108 138 -0.7071067811865001
120 138 -0.7071067811865001
121 138 0.7071067811865001
165 138 -0.7071067811865001
166 138 -0.7071067811865001
174 138 0.7071067811865001
175 138 0.7071067811865001
107 139 -110.0000000000000000
108 139 110.0000000000000000
120 139 -110.0000000000000000
121 139 110.0000000000000000
165 139 110.0000000000000000
166 139 110.0000000000000000
174 139 110.0000000000000000
175 139 110.0000000000000000
140 140 0.0006345177664975
153 140 1.0000000000000000
154 140 230.0000000000000000
168 140 -1.0000000000000000
169 140 230.0000000000000000
141 141 0.0000000120481928
154 141 1.0000000000000000
169 141 -1.0000000000000000
142 142 0.0006345177664975
152 142 1.0000000000000000
154 142 -230.0000000000000000
204 142 -1.0000000000000000
206 142 -230.0000000000000000
143 143 0.0000000120481928
154 143 1.0000000000000000
206 143 -1.0000000000000000
144 144 0.0002860411899313
152 144 0.7071067811865001
153 144 -0.7071067811865001
154 144 -215.2691193457999930
186 144 -0.7071067811865001
187 144 0.7071067811865001
188 144 -110.0000000000000000
145 145 0.0000000131578947
154 145 1.0000000000000000
188 145 -1.0000000000000000
146 146 0.0002860411899313
152 146 0.7071067811865001
153 146 0.7071067811865001
154 146 -215.2691193457999930
181 146 -0.7071067811865001
182 146 -0.7071067811865001
183 146 -110.0000000000000000
147 147 0.0000000131578947
154 147 1.0000000000000000
183 147 -1.0000000000000000
129 148 -0.7071067811865001
130 148 0.7071067811865001
131 148 110.0000000000000000
148 148 0.0002860411899313
152 148 0.7071067811865001
153 148 -0.7071067811865001
154 148 215.2691193457999930
131 149 -1.0000000000000000
149 149 0.0000000131578947
154 149 1.0000000000000000
134 150 -0.7071067811865001
135 150 -0.7071067811865001
136 150 110.0000000000000000
150 150 0.0002860411899313
152 150 0.7071067811865001
153 150 0.7071067811865001
154 150 215.2691193457999930
136 151 -1.0000000000000000
151 151 0.0000000131578947
154 151 1.0000000000000000
90 152 -1.0000000000000000
91 152 1.0000000000000000
142 152 1.0000000000000000
143 152 -1.0000000000000000
144 152 0.7071067811865001
145 152 -0.7071067811865001
146 152 0.7071067811865001
147 152 -0.7071067811865001
148 152 0.7071067811865001
149 152 0.7071067811865001
150 152 0.7071067811865001
151 152 0.7071067811865001
140 153 1.0000000000000000
141 153 1.0000000000000000
144 153 -0.7071067811865001
145 153 0.7071067811865001
146 153 0.7071067811865001
147 153 -0.7071067811865001
148 153 -0.7071067811865001
149 153 -0.7071067811865001
150 153 0.7071067811865001
151 153 0.7071067811865001
90 154 -230.0000000000000000
91 154 230.0000000000000000
140 154 230.0000000000000000
141 154 230.0000000000000000
142 154 -230.0000000000000000
143 154 230.0000000000000000
144 154 -215.2691193457999930
145 154 215.2691193457999930
146 154 -215.2691193457999930
147 154 215.2691193457999930
148 154 215.2691193457999930
149 154 215.2691193457999930
150 154 215.2691193457999930
151 154 215.2691193457999930
155 155 0.0006345177664975
168 155 1.0000000000000000
169 155 230.0000000000000000
177 155 -1.0000000000000000
178 155 230.0000000000000000
156 156 0.0000000120481928
169 156 1.0000000000000000
178 156 -1.0000000000000000
157 157 0.0006345177664975
167 157 1.0000000000000000
169 157 -230.0000000000000000
219 157 -1.0000000000000000
221 157 -230.0000000000000000
158 158 0.0000000120481928
169 158 1.0000000000000000
221 158 -1.0000000000000000
159 159 0.0002860411899313
167 159 0.7071067811865001
168 159 -0.7071067811865001
169 159 -215.2691193457999930
189 159 -0.7071067811865001
190 159 0.7071067811865001
191 159 -110.0000000000000000
160 160 0.0000000131578947
169 160 1.0000000000000000
191 160 -1.0000000000000000
161 161 0.0002860411899313
167 161 0.7071067811865001
168 161 0.7071067811865001
169 161 -215.2691193457999930
186 161 -0.7071067811865001
187 161 -0.7071067811865001
188 161 -110.0000000000000000
162 162 0.0000000131578947
169 162 1.0000000000000000
188 162 -1.0000000000000000
134 163 -0.7071067811865001
135 163 0.7071067811865001
136 163 110.0000000000000000
163 163 0.0002860411899313
167 163 0.7071067811865001
168 163 -0.7071067811865001
169 163 215.2691193457999930
136 164 -1.0000000000000000
164 164 0.0000000131578947
169 164 1.0000000000000000
137 165 -0.7071067811865001
138 165 -0.7071067811865001
139 165 110.0000000000000000
165 165 0.0002860411899313
167 165 0.7071067811865001
168 165 0.7071067811865001
169 165 215.2691193457999930
139 166 -1.0000000000000000
166 166 0.0000000131578947
169 166 1.0000000000000000
105 167 -1.0000000000000000
106 167 1.0000000000000000
157 167 1.0000000000000000
158 167 -1.0000000000000000
159 167 0.7071067811865001
160 167 -0.7071067811865001
161 167 0.7071067811865001
162 167 -0.7071067811865001
163 167 0.7071067811865001
164 167 0.7071067811865001
165 167 0.7071067811865001
166 167 0.7071067811865001
140 168 -1.0000000000000000
141 168 -1.0000000000000000
155 168 1.0000000000000000
156 168 1.0000000000000000
159 168 -0.7071067811865001
160 168 0.7071067811865001
161 168 0.7071067811865001
162 168 -0.7071067811865001
163 168 -0.7071067811865001
164 168 -0.7071067811865001
165 168 0.7071067811865001
166 168 0.7071067811865001
105 169 -230.0000000000000000
106 169 230.0000000000000000
140 169 230.0000000000000000
141 169 230.0000000000000000
155 169 230.0000000000000000
156 169 230.0000000000000000
157 169 -230.0000000000000000
158 169 230.0000000000000000
159 169 -215.2691193457999930
160 169 215.2691193457999930
161 169 -215.2691193457999930
162 169 215.2691193457999930
163 169 215.2691193457999930
164 169 215.2691193457999930
165 169 215.2691193457999930
166 169 215.2691193457999930
170 170 0.0006345177664975
176 170 1.0000000000000000
178 170 -230.0000000000000000
226 170 -1.0000000000000000
228 170 -230.0000000000000000
171 171 0.0000000120481928
178 171 1.0000000000000000
228 171 -1.0000000000000000
172 172 0.0002860411899313
176 172 0.7071067811865001
177 172 0.7071067811865001
178 172 -215.2691193457999930
189 172 -0.7071067811865001
190 172 -0.7071067811865001
191 172 -110.0000000000000000
173 173 0.0000000131578947
178 173 1.0000000000000000
191 173 -1.0000000000000000
137 174 -0.7071067811865001
138 174 0.7071067811865001
139 174 110.0000000000000000
174 174 0.0002860411899313
176 174 0.7071067811865001
177 174 -0.7071067811865001
178 174 215.2691193457999930
139 175 -1.0000000000000000
175 175 0.0000000131578947
178 175 1.0000000000000000
118 176 -1.0000000000000000
119 176 1.0000000000000000
170 176 1.0000000000000000
171 176 -1.0000000000000000
172 176 0.7071067811865001
173 176 -0.7071067811865001
174 176 0.7071067811865001
175 176 0.7071067811865001
180 176 -1.0000000000000000
155 177 -1.0000000000000000
156 177 -1.0000000000000000
172 177 0.7071067811865001
173 177 -0.7071067811865001
174 177 -0.7071067811865001
175 177 -0.7071067811865001
179 177 1.0000000000000000
118 178 -230.0000000000000000
119 178 230.0000000000000000
155 178 230.0000000000000000
156 178 230.0000000000000000
170 178 -230.0000000000000000
171 178 230.0000000000000000
172 178 -215.2691193457999930
173 178 215.2691193457999930
174 178 215.2691193457999930
175 178 215.2691193457999930
177 179 1.0000000000000000
179 179 0.0001182172833668
176 180 -1.0000000000000000
146 181 -0.7071067811865001
147 181 0.7071067811865001
185 181 -1.0000000000000000
200 181 -0.7071067811865001
201 181 -0.7071067811865001
146 182 -0.7071067811865001
147 182 0.7071067811865001
200 182 0.7071067811865001
201 182 0.7071067811865001
146 183 -110.0000000000000000
147 183 110.0000000000000000
184 183 1.0000000000000000
200 183 110.0000000000000000
201 183 110.0000000000000000
183 184 1.0000000000000000
181 185 -1.0000000000000000
144 186 -0.7071067811865001
145 186 0.7071067811865001
161 186 -0.7071067811865001
162 186 0.7071067811865001
202 186 -0.7071067811865001
203 186 -0.7071067811865001
215 186 -0.7071067811865001
216 186 -0.7071067811865001
144 187 0.7071067811865001
145 187 -0.7071067811865001
161 187 -0.7071067811865001
162 187 0.7071067811865001
202 187 -0.7071067811865001
203 187 -0.7071067811865001
215 187 0.7071067811865001
216 187 0.7071067811865001
144 188 -110.0000000000000000
145 188 110.0000000000000000
161 188 -110.0000000000000000
162 188 110.0000000000000000
202 188 110.0000000000000000
203 188 110.0000000000000000
215 188 110.0000000000000000
216 188 110.0000000000000000
159 189 -0.7071067811865001
160 189 0.7071067811865001
172 189 -0.7071067811865001
173 189 0.7071067811865001
217 189 -0.7071067811865001
218 189 -0.7071067811865001
224 189 -0.7071067811865001
225 189 -0.7071067811865001
159 190 0.7071067811865001
160 190 -0.7071067811865001
172 190 -0.7071067811865001
173 190 0.7071067811865001
217 190 -0.7071067811865001
218 190 -0.7071067811865001
224 190 0.7071067811865001
225 190 0.7071067811865001
159 191 -110.0000000000000000
160 191 110.0000000000000000
172 191 -110.0000000000000000
173 191 110.0000000000000000
217 191 110.0000000000000000
218 191 110.0000000000000000
224 191 110.0000000000000000
225 191 110.0000000000000000
192 192 0.0006345177664975
205 192 1.0000000000000000
206 192 230.0000000000000000
220 192 -1.0000000000000000
221 192 230.0000000000000000
193 193 0.0000000120481928
206 193 1.0000000000000000
221 193 -1.0000000000000000
194 194 0.0006345177664975
204 194 1.0000000000000000
206 194 -230.0000000000000000
248 194 -1.0000000000000000
250 194 -230.0000000000000000
195 195 0.0000000120481928
206 195 1.0000000000000000
250 195 -1.0000000000000000
196 196 0.0002860411899313
204 196 0.7071067811865001
205 196 -0.7071067811865001
206 196 -215.2691193457999930
236 196 -0.7071067811865001
237 196 0.7071067811865001
238 196 -110.0000000000000000
197 197 0.0000000131578947
206 197 1.0000000000000000
238 197 -1.0000000000000000
198 198 0.0002860411899313
204 198 0.7071067811865001
205 198 0.7071067811865001
206 198 -215.2691193457999930
231 198 -0.7071067811865001
232 198 -0.7071067811865001
233 198 -110.0000000000000000
199 199 0.0000000131578947
206 199 1.0000000000000000
233 199 -1.0000000000000000
181 200 -0.7071067811865001
182 200 0.7071067811865001
183 200 110.0000000000000000
200 200 0.0002860411899313
204 200 0.7071067811865001
205 200 -0.7071067811865001
206 200 215.2691193457999930
183 201 -1.0000000000000000
201 201 0.0000000131578947
206 201 1.0000000000000000
186 202 -0.7071067811865001
187 202 -0.7071067811865001
188 202 110.0000000000000000
202 202 0.0002860411899313
204 202 0.7071067811865001
205 202 0.7071067811865001
206 202 215.2691193457999930
188 203 -1.0000000000000000
203 203 0.0000000131578947
206 203 1.0000000000000000
142 204 -1.0000000000000000
143 204 1.0000000000000000
194 204 1.0000000000000000
195 204 -1.0000000000000000
196 204 0.7071067811865001
197 204 -0.7071067811865001
198 204 0.7071067811865001
199 204 -0.7071067811865001
200 204 0.7071067811865001
201 204 0.7071067811865001
202 204 0.7071067811865001
203 204 0.7071067811865001
192 205 1.0000000000000000
193 205 1.0000000000000000
196 205 -0.7071067811865001
197 205 0.7071067811865001
198 205 0.7071067811865001
199 205 -0.7071067811865001
200 205 -0.7071067811865001
201 205 -0.7071067811865001
202 205 0.7071067811865001
203 205 0.7071067811865001
142 206 -230.0000000000000000
143 206 230.0000000000000000
192 206 230.0000000000000000
193 206 230.0000000000000000
194 206 -230.0000000000000000
195 206 230.0000000000000000
196 206 -215.2691193457999930
197 206 215.2691193457999930
198 206 -215.2691193457999930
199 206 215.2691193457999930
200 206 215.2691193457999930
201 206 215.2691193457999930
202 206 215.2691193457999930
203 206 215.2691193457999930
207 207 0.0006345177664975
220 207 1.0000000000000000
221 207 230.0000000000000000
227 207 -1.0000000000000000
228 207 230.0000000000000000
208 208 0.0000000120481928
221 208 1.0000000000000000
228 208 -1.0000000000000000
209 209 0.0006345177664975
219 209 1.0000000000000000
221 209 -230.0000000000000000
257 209 -1.0000000000000000
259 209 -230.0000000000000000
210 210 0.0000000120481928
221 210 1.0000000000000000
259 210 -1.0000000000000000
211 211 0.0002860411899313
219 211 0.7071067811865001
220 211 -0.7071067811865001
221 211 -215.2691193457999930
239 211 -0.7071067811865001
240 211 0.7071067811865001
241 211 -110.0000000000000000
212 212 0.0000000131578947
221 212 1.0000000000000000
241 212 -1.0000000000000000
213 213 0.0002860411899313
219 213 0.7071067811865001
220 213 0.7071067811865001
221 213 -215.2691193457999930
236 213 -0.7071067811865001
237 213 -0.7071067811865001
238 213 -110.0000000000000000
214 214 0.0000000131578947
221 214 1.0000000000000000
238 214 -1.0000000000000000
186 215 -0.7071067811865001
187 215 0.7071067811865001
188 215 110.0000000000000000
215 215 0.0002860411899313
219 215 0.7071067811865001
220 215 -0.7071067811865001
221 215 215.2691193457999930
188 216 -1.0000000000000000
216 216 0.0000000131578947
221 216 1.0000000000000000
189 217 -0.7071067811865001
190 217 -0.7071067811865001
191 217 110.0000000000000000
217 217 0.0002860411899313
219 217 0.7071067811865001
220 217 0.7071067811865001
221 217 215.2691193457999930
191 218 -1.0000000000000000
218 218 0.0000000131578947
221 218 1.0000000000000000
157 219 -1.0000000000000000
158 219 1.0000000000000000
209 219 1.0000000000000000
210 219 -1.0000000000000000
211 219 0.7071067811865001
212 219 -0.7071067811865001
213 219 0.7071067811865001
214 219 -0.7071067811865001
215 219 0.7071067811865001
216 219 0.7071067811865001
217 219 0.7071067811865001
218 219 0.7071067811865001
192 220 -1.0000000000000000
193 220 -1.0000000000000000
207 220 1.0000000000000000
208 220 1.0000000000000000
211 220 -0.7071067811865001
212 220 0.7071067811865001
213 220 0.7071067811865001
214 220 -0.7071067811865001
215 220 -0.7071067811865001
216 220 -0.7071067811865001
217 220 0.7071067811865001
218 220 0.7071067811865001
157 221 -230.0000000000000000
158 221 230.0000000000000000
192 221 230.0000000000000000
193 221 230.0000000000000000
207 221 230.0000000000000000
208 221 230.0000000000000000
209 221 -230.0000000000000000
210 221 230.0000000000000000
211 221 -215.2691193457999930
212 221 215.2691193457999930
213 221 -215.2691193457999930
214 221 215.2691193457999930
215 221 215.2691193457999930
216 221 215.2691193457999930
217 221 215.2691193457999930
218 221 215.2691193457999930
222 222 0.0002860411899313
226 222 0.7071067811865001
227 222 0.7071067811865001
228 222 -215.2691193457999930
239 222 -0.7071067811865001
240 222 -0.7071067811865001
241 222 -110.0000000000000000
223 223 0.0000000131578947
228 223 1.0000000000000000
241 223 -1.0000000000000000
189 224 -0.7071067811865001
190 224 0.7071067811865001
191 224 110.0000000000000000
224 224 0.0002860411899313
226 224 0.7071067811865001
227 224 -0.7071067811865001
228 224 215.2691193457999930
191 225 -1.0000000000000000
225 225 0.0000000131578947
228 225 1.0000000000000000
170 226 -1.0000000000000000
171 226 1.0000000000000000
222 226 0.7071067811865001
223 226 -0.7071067811865001
224 226 0.7071067811865001
225 226 0.7071067811865001
229 226 0.7071067811865001
230 226 0.7071067811865001
207 227 -1.0000000000000000
208 227 -1.0000000000000000
222 227 0.7071067811865001
223 227 -0.7071067811865001
224 227 -0.7071067811865001
225 227 -0.7071067811865001
229 227 -0.7071067811865001
230 227 0.7071067811865001
170 228 -230.0000000000000000
171 228 230.0000000000000000
207 228 230.0000000000000000
208 228 230.0000000000000000
222 228 -215.2691193457999930
223 228 215.2691193457999930
224 228 215.2691193457999930
225 228 215.2691193457999930
226 229 0.7071067811865001
227 229 -0.7071067811865001
229 229 0.0001182172833668
226 230 0.7071067811865001
227 230 0.7071067811865001
198 231 -0.7071067811865001
199 231 0.7071067811865001
235 231 -1.0000000000000000
244 231 -0.7071067811865001
245 231 -0.7071067811865001
198 232 -0.7071067811865001
199 232 0.7071067811865001
244 232 0.7071067811865001
245 232 0.7071067811865001
198 233 -110.0000000000000000
199 233 110.0000000000000000
234 233 1.0000000000000000
244 233 110.0000000000000000
245 233 110.0000000000000000
233 234 1.0000000000000000
231 235 -1.0000000000000000
196 236 -0.7071067811865001
197 236 0.7071067811865001
213 236 -0.7071067811865001
214 236 0.7071067811865001
246 236 -0.7071067811865001
247 236 -0.7071067811865001
253 236 -0.7071067811865001
254 236 -0.7071067811865001
196 237 0.7071067811865001
197 237 -0.7071067811865001
213 237 -0.7071067811865001
214 237 0.7071067811865001
246 237 -0.7071067811865001
247 237 -0.7071067811865001
253 237 0.7071067811865001
254 237 0.7071067811865001
196 238 -110.0000000000000000
197 238 110.0000000000000000
213 238 -110.0000000000000000
214 238 110.0000000000000000
246 238 110.0000000000000000
247 238 110.0000000000000000
253 238 110.0000000000000000
254 238 110.0000000000000000
211 239 -0.7071067811865001
212 239 0.7071067811865001
222 239 -0.7071067811865001
223 239 0.7071067811865001
255 239 -0.7071067811865001
256 239 -0.7071067811865001
211 240 0.7071067811865001
212 240 -0.7071067811865001
222 240 -0.7071067811865001
223 240 0.7071067811865001
255 240 -0.7071067811865001
256 240 -0.7071067811865001
211 241 -110.0000000000000000
212 241 110.0000000000000000
222 241 -110.0000000000000000
223 241 110.0000000000000000
255 241 110.0000000000000000
256 241 110.0000000000000000
242 242 0.0006345177664975
249 242 1.0000000000000000
250 242 230.0000000000000000
258 242 -1.0000000000000000
259 242 230.0000000000000000
243 243 0.0000000120481928
250 243 1.0000000000000000
259 243 -1.0000000000000000
231 244 -0.7071067811865001
232 244 0.7071067811865001
233 244 110.0000000000000000
244 244 0.0002860411899313
248 244 0.7071067811865001
249 244 -0.7071067811865001
250 244 215.2691193457999930
233 245 -1.0000000000000000
245 245 0.0000000131578947
250 245 1.0000000000000000
236 246 -0.7071067811865001
237 246 -0.7071067811865001
238 246 110.0000000000000000
246 246 0.0002860411899313
248 246 0.7071067811865001
249 246 0.7071067811865001
250 246 215.2691193457999930
238 247 -1.0000000000000000
247 247 0.0000000131578947
250 247 1.0000000000000000
194 248 -1.0000000000000000
195 248 1.0000000000000000
244 248 0.7071067811865001
245 248 0.7071067811865001
246 248 0.7071067811865001
247 248 0.7071067811865001
251 248 1.0000000000000000
242 249 1.0000000000000000
243 249 1.0000000000000000
244 249 -0.7071067811865001
245 249 -0.7071067811865001
246 249 0.7071067811865001
247 249 0.7071067811865001
252 249 1.0000000000000000
194 250 -230.0000000000000000
195 250 230.0000000000000000
242 250 230.0000000000000000
243 250 230.0000000000000000
244 250 215.2691193457999930
245 250 215.2691193457999930
246 250 215.2691193457999930
247 250 215.2691193457999930
248 251 1.0000000000000000
251 251 0.0001182172833668
249 252 1.0000000000000000
236 253 -0.7071067811865001
237 253 0.7071067811865001
238 253 110.0000000000000000
253 253 0.0002860411899313
257 253 0.7071067811865001
258 253 -0.7071067811865001
259 253 215.2691193457999930
238 254 -1.0000000000000000
254 254 0.0000000131578947
259 254 1.0000000000000000
239 255 -0.7071067811865001
240 255 -0.7071067811865001
241 255 110.0000000000000000
255 255 0.0002860411899313
257 255 0.7071067811865001
258 255 0.7071067811865001
259 255 215.2691193457999930
241 256 -1.0000000000000000
256 256 0.0000000131578947
259 256 1.0000000000000000
209 257 -1.0000000000000000
210 257 1.0000000000000000
253 257 0.7071067811865001
254 257 0.7071067811865001
255 257 0.7071067811865001
256 257 0.7071067811865001
260 257 0.7071067811865001
261 257 0.7071067811865001
242 258 -1.0000000000000000
243 258 -1.0000000000000000
253 258 -0.7071067811865001
254 258 -0.7071067811865001
255 258 0.7071067811865001
256 258 0.7071067811865001
260 258 -0.7071067811865001
261 258 0.7071067811865001
209 259 -230.0000000000000000
210 259 230.0000000000000000
242 259 230.0000000000000000
243 259 230.0000000000000000
253 259 215.2691193457999930
254 259 215.2691193457999930
255 259 215.2691193457999930
256 259 215.2691193457999930
257 260 0.7071067811865001
258 260 -0.7071067811865001
260 260 0.0001182172833668
257 261 0.7071067811865001
258 261 0.7071067811865001
