430 430 1544
1 1 8.3333333333333002
7 1 1.0000000000000000
15 1 -8.3333333333333002
2 2 8.3333333333333002
8 2 1.0000000000000000
17 2 -8.3333333333333002
3 3 100000.0000000000000000
21 3 -0.0000000000000000
36 3 -100000.0000000000000000
4 4 100000.0000000000000000
15 4 -0.0000000000000000
37 4 -100000.0000000000000000
5 5 100000.0000000000000000
25 5 -0.0000000000000000
40 5 -100000.0000000000000000
6 6 100000.0000000000000000
17 6 -0.0000000000000000
41 6 -100000.0000000000000000
1 7 1.0000000000000000
19 7 -1.0000000000000000
2 8 1.0000000000000000
20 8 -1.0000000000000000
31 9 -1.0000000000000000
33 9 1.0000000000000000
32 10 -1.0000000000000000
34 10 1.0000000000000000
24 11 1.0000000000000000
36 11 -1.0000000000000000
29 12 1.0000000000000000
37 12 -1.0000000000000000
28 13 1.0000000000000000
40 13 -1.0000000000000000
30 14 1.0000000000000000
41 14 -1.0000000000000000
1 15 -8.3333333333333002
4 15 -0.0000000000000000
15 15 8.3395833333332998
19 15 -0.0062500000000000
52 15 1.0000000000000000
16 16 100000.0000000000000000
19 16 -100000.0000000000000000
95 16 -0.0000000000000000
2 17 -8.3333333333333002
6 17 -0.0000000000000000
17 17 8.3395833333332998
20 17 -0.0062500000000000
58 17 1.0000000000000000
18 18 100000.0000000000000000
20 18 -100000.0000000000000000
96 18 -0.0000000000000000
7 19 -1.0000000000000000
15 19 -0.0062500000000000
16 19 -100000.0000000000000000
19 19 200000.0062833300034981
95 19 -0.0000333333333333
97 19 -100000.0000000000000000
8 20 -1.0000000000000000
17 20 -0.0062500000000000
18 20 -100000.0000000000000000
20 20 200000.0062833300034981
96 20 -0.0000333333333333
98 20 -100000.0000000000000000
3 21 -0.0000000000000000
21 21 18.1961038961039989
22 21 -18.1818181818179987
47 21 -1.0000000000000000
49 21 3631.7356981960001576
99 21 -0.0142857142857140
21 22 -18.1818181818179987
22 22 18.1818181818179987
59 22 1.0000000000000000
23 23 100000.0000000000000000
95 23 -100000.0000000000000000
99 23 -0.0000000000000000
11 24 1.0000000000000000
24 24 1.2987012987013000
100 24 -1.2987012987013000
5 25 -0.0000000000000000
25 25 18.1961038961039989
26 25 -18.1818181818179987
53 25 -1.0000000000000000
55 25 3636.4583512997000980
101 25 -0.0142857142857140
25 26 -18.1818181818179987
26 26 18.1818181818179987
60 26 1.0000000000000000
27 27 100000.0000000000000000
96 27 -100000.0000000000000000
101 27 -0.0000000000000000
13 28 1.0000000000000000
28 28 1.2987012987013000
102 28 -1.2987012987013000
12 29 1.0000000000000000
29 29 0.7142857142857100
103 29 -0.7142857142857100
14 30 1.0000000000000000
30 30 0.7142857142857100
104 30 -0.7142857142857100
9 31 -1.0000000000000000
63 31 1.0000000000000000
10 32 -1.0000000000000000
66 32 1.0000000000000000
9 33 1.0000000000000000
33 33 3.2051282051282000
111 33 -3.2051282051282000
10 34 1.0000000000000000
34 34 3.2051282051282000
113 34 -3.2051282051282000
35 35 100000.0000000000000000
100 35 -0.0000000000000000
115 35 -100000.0000000000000000
3 36 -100000.0000000000000000
11 36 -1.0000000000000000
36 36 100000.0006060599989723
69 36 -1.0000000000000000
71 36 3631.7356981960001576
100 36 -0.0006060606060606
4 37 -100000.0000000000000000
12 37 -1.0000000000000000
37 37 100000.0003246800042689
74 37 1.0000000000000000
103 37 -0.0003246753246753
38 38 100000.0000000000000000
103 38 -100000.0000000000000000
115 38 -0.0000000000000000
39 39 100000.0000000000000000
102 39 -0.0000000000000000
117 39 -100000.0000000000000000
5 40 -100000.0000000000000000
13 40 -1.0000000000000000
40 40 100000.0006060599989723
77 40 -1.0000000000000000
79 40 3636.4583512997000980
102 40 -0.0006060606060606
6 41 -100000.0000000000000000
14 41 -1.0000000000000000
41 41 100000.0003246800042689
82 41 1.0000000000000000
104 41 -0.0003246753246753
42 42 100000.0000000000000000
104 42 -100000.0000000000000000
117 42 -0.0000000000000000
43 43 0.8826125330979701
45 43 -1.0000000000000000
85 43 -0.8826125330979701
44 44 0.8826125330979701
46 44 -1.0000000000000000
86 44 -0.8826125330979701
43 45 -1.0000000000000000
87 45 1.0000000000000000
44 46 -1.0000000000000000
90 46 1.0000000000000000
21 47 -1.0000000000000000
48 47 1.0000000000000000
75 47 -310.0775193798399982
47 48 1.0000000000000000
49 48 -3632.7356981960001576
48 49 -1.0000000000000000
95 49 1.0000000000000000
51 50 1.0000000000000000
75 50 -465.1162790697699734
95 50 -1.0000000000000000
50 51 1.0000000000000000
52 51 -3632.7356981960001576
15 52 1.0000000000000000
51 52 -1.0000000000000000
25 53 -1.0000000000000000
54 53 1.0000000000000000
83 53 -310.0775193798399982
53 54 1.0000000000000000
55 54 -3637.4583512997000980
54 55 -1.0000000000000000
96 55 1.0000000000000000
57 56 1.0000000000000000
83 56 -465.1162790697699734
96 56 -1.0000000000000000
56 57 1.0000000000000000
58 57 -3637.4583512997000980
17 58 1.0000000000000000
57 58 -1.0000000000000000
22 59 1.0000000000000000
99 59 -1.0000000000000000
26 60 1.0000000000000000
101 60 -1.0000000000000000
62 61 1.0000000000000000
105 61 -1.0000000000000000
388 61 -691.4893617021300543
61 62 1.0000000000000000
63 62 -24.9020403279420002
31 63 1.0000000000000000
62 63 -1.0000000000000000
65 64 1.0000000000000000
106 64 -1.0000000000000000
393 64 -691.4893617021300543
64 65 1.0000000000000000
66 65 -24.9020403235049983
32 66 1.0000000000000000
65 66 -1.0000000000000000
67 67 0.8826125422607199
89 67 -0.8826125330979701
109 67 -0.0000000091627545
68 68 0.8826125422607199
92 68 -0.8826125330979701
110 68 -0.0000000091627545
36 69 -1.0000000000000000
70 69 1.0000000000000000
75 69 -1705.4263565890998962
69 70 1.0000000000000000
71 70 -3632.7356981960001576
70 71 -1.0000000000000000
115 71 1.0000000000000000
73 72 1.0000000000000000
75 72 -2325.5813953488000152
115 72 -1.0000000000000000
72 73 1.0000000000000000
74 73 -3632.7356981960001576
37 74 1.0000000000000000
73 74 -1.0000000000000000
75 75 1.0000000000000000
76 76 1.0000000000000000
40 77 -1.0000000000000000
78 77 1.0000000000000000
83 77 -1705.4263565890998962
77 78 1.0000000000000000
79 78 -3637.4583512997000980
78 79 -1.0000000000000000
117 79 1.0000000000000000
81 80 1.0000000000000000
83 80 -2325.5813953488000152
117 80 -1.0000000000000000
80 81 1.0000000000000000
82 81 -3637.4583512997000980
41 82 1.0000000000000000
81 82 -1.0000000000000000
83 83 1.0000000000000000
84 84 1.0000000000000000
43 85 -0.8826125330979701
85 85 0.8826125382817400
119 85 -0.0000000051837748
44 86 -0.8826125330979701
86 86 0.8826125432984600
120 86 -0.0000000102004887
45 87 1.0000000000000000
87 87 0.0064102564102564
205 87 -0.0064102564102564
88 88 0.0172413793103450
105 88 -0.0000000000000000
127 88 -1.0000000000000000
129 88 23.9020403279420002
206 88 -0.0172413793103450
67 89 -0.8826125330979701
89 89 0.8826125330979701
130 89 -1.0000000000000000
46 90 1.0000000000000000
90 90 0.0064102564102564
207 90 -0.0064102564102564
91 91 0.0172413793103450
106 91 -0.0000000000000000
131 91 -1.0000000000000000
133 91 23.9020403235049983
208 91 -0.0172413793103450
68 92 -0.8826125330979701
92 92 0.8826125330979701
134 92 -1.0000000000000000
93 93 8.0000000000000000
116 93 -4.0000000000000000
209 93 -4.0000000000000000
94 94 8.0000000000000000
118 94 -4.0000000000000000
210 94 -4.0000000000000000
16 95 -0.0000000000000000
19 95 -0.0000333333333333
23 95 -100000.0000000000000000
49 95 1.0000000000000000
50 95 -1.0000000000000000
52 95 3631.7356981960001576
95 95 200000.0001102699898183
99 95 -0.0000769230769231
115 95 -0.0000000100000000
215 95 -100000.0000000000000000
18 96 -0.0000000000000000
20 96 -0.0000333333333333
27 96 -100000.0000000000000000
55 96 1.0000000000000000
56 96 -1.0000000000000000
58 96 3636.4583512997000980
96 96 200000.0001102699898183
101 96 -0.0000769230769231
117 96 -0.0000000100000000
216 96 -100000.0000000000000000
19 97 -100000.0000000000000000
97 97 100000.0000000000000000
137 97 1.0000000000000000
20 98 -100000.0000000000000000
98 98 100000.0000000000000000
138 98 1.0000000000000000
21 99 -0.0142857142857140
23 99 -0.0000000000000000
59 99 -1.0000000000000000
95 99 -0.0000769230769231
99 99 100000.0143626399949426
223 99 -100000.0000000000000000
24 100 -1.2987012987013000
35 100 -0.0000000000000000
36 100 -0.0006060606060606
100 100 100001.2993098199949600
115 100 -0.0000024630541872
225 100 -100000.0000000000000000
25 101 -0.0142857142857140
27 101 -0.0000000000000000
60 101 -1.0000000000000000
96 101 -0.0000769230769231
101 101 100000.0143626399949426
226 101 -100000.0000000000000000
28 102 -1.2987012987013000
39 102 -0.0000000000000000
40 102 -0.0006060606060606
102 102 100001.2993098199949600
117 102 -0.0000024630541872
228 102 -100000.0000000000000000
29 103 -0.7142857142857100
37 103 -0.0003246753246753
38 103 -100000.0000000000000000
103 103 200000.7146117200027220
115 103 -0.0000013333333333
229 103 -100000.0000000000000000
30 104 -0.7142857142857100
41 104 -0.0003246753246753
42 104 -100000.0000000000000000
104 104 200000.7146117200027220
117 104 -0.0000013333333333
230 104 -100000.0000000000000000
61 105 -1.0000000000000000
63 105 23.9020403279420002
88 105 -0.0000000000000000
105 105 1000000.0000000000000000
233 105 -1000000.0000000000000000
64 106 -1.0000000000000000
66 106 23.9020403235049983
91 106 -0.0000000000000000
106 106 1000000.0000000000000000
234 106 -1000000.0000000000000000
107 107 0.3357958361326300
135 107 -0.0000000000010000
235 107 -0.3357958361316300
108 108 0.3357958361326300
136 108 -0.0000000000010000
236 108 -0.3357958361316300
67 109 -0.0000000091627545
109 109 0.8826125422607199
147 109 -0.8826125330979701
68 110 -0.0000000091627545
110 110 0.8826125422607199
148 110 -0.8826125330979701
33 111 -3.2051282051282000
111 111 1000003.2051282000029460
247 111 -1000000.0000000000000000
112 112 2.5000000000000000
211 112 -2.0000000000000000
247 112 -0.5000000000000000
34 113 -3.2051282051282000
113 113 1000003.2051282000029460
248 113 -1000000.0000000000000000
114 114 2.5000000000000000
212 114 -2.0000000000000000
248 114 -0.5000000000000000
35 115 -100000.0000000000000000
38 115 -0.0000000000000000
71 115 1.0000000000000000
72 115 -1.0000000000000000
74 115 3631.7356981960001576
95 115 -0.0000000100000000
100 115 -0.0000024630541872
103 115 -0.0000013333333333
115 115 200000.0000038100115489
249 115 -100000.0000000000000000
93 116 -4.0000000000000000
116 116 4.0099999999999998
249 116 -0.0100000000000000
39 117 -100000.0000000000000000
42 117 -0.0000000000000000
79 117 1.0000000000000000
80 117 -1.0000000000000000
82 117 3636.4583512997000980
96 117 -0.0000000100000000
102 117 -0.0000024630541872
104 117 -0.0000013333333333
117 117 200000.0000038100115489
250 117 -100000.0000000000000000
94 118 -4.0000000000000000
118 118 4.0099999999999998
250 118 -0.0100000000000000
85 119 -0.0000000051837748
119 119 0.0003333885171081
239 119 -0.0000000500000000
251 119 -0.0003333333333333
86 120 -0.0000000102004887
120 120 0.0003333935338220
240 120 -0.0000000500000000
252 120 -0.0003333333333333
121 121 100.0000000000000000
153 121 -0.0000000000010000
179 121 -100.0000000000000000
122 122 0.3797949107590700
165 122 -0.3797949107482000
179 122 -0.0000000000108716
123 123 0.3801434135718400
165 123 -0.0003485028236432
179 123 -0.3797949107482000
124 124 100.0000000000000000
154 124 -0.0000000000010000
203 124 -100.0000000000000000
125 125 0.3797949107784200
189 125 -0.3797949107482000
203 125 -0.0000000000302275
126 126 0.3798297801993700
189 126 -0.0000348694511732
203 126 -0.3797949107482000
88 127 -1.0000000000000000
128 127 1.0000000000000000
388 127 -7047.8723404254997149
127 128 1.0000000000000000
129 128 -24.9020403279420002
128 129 -1.0000000000000000
205 129 1.0000000000000000
89 130 -1.0000000000000000
206 130 1.0000000000000000
91 131 -1.0000000000000000
132 131 1.0000000000000000
393 131 -7047.8723404254997149
131 132 1.0000000000000000
133 132 -24.9020403235049983
132 133 -1.0000000000000000
207 133 1.0000000000000000
92 134 -1.0000000000000000
208 134 1.0000000000000000
107 135 -0.0000000000010000
135 135 100.0000000000000000
217 135 -100.0000000000000000
108 136 -0.0000000000010000
136 136 100.0000000000000000
218 136 -100.0000000000000000
97 137 1.0000000000000000
219 137 -1.0000000000000000
98 138 1.0000000000000000
221 138 -1.0000000000000000
139 139 17.8890876657739994
219 139 -0.0000000092441982
231 139 -17.8890876565299983
140 140 17.8890876661040004
221 140 -0.0000000095749170
232 140 -17.8890876565299983
141 141 1000.0000000000000000
151 141 -0.0000000000010000
233 141 -1000.0000000000000000
142 142 1000.0000000000000000
152 142 -0.0000000000010000
234 142 -1000.0000000000000000
143 143 1.0000000000180000
217 143 -1.0000000000000000
235 143 -0.0000000000180185
144 144 0.0100000000010010
217 144 -0.0000000000010007
235 144 -0.0100000000000000
145 145 1.0000000000011999
218 145 -1.0000000000000000
236 145 -0.0000000000011987
146 146 0.0100000000010010
218 146 -0.0000000000010008
236 146 -0.0100000000000000
109 147 -0.8826125330979701
147 147 0.8826125422607199
238 147 -0.0000000091627545
110 148 -0.8826125330979701
148 148 0.8826125422607199
238 148 -0.0000000091627545
149 149 1000.0000000000000000
155 149 -0.0000000000010000
243 149 -1000.0000000000000000
150 150 1000.0000000000000000
156 150 -0.0000000000010000
244 150 -1000.0000000000000000
141 151 -0.0000000000010000
151 151 0.0143884892096330
142 152 -0.0000000000010000
152 152 0.0143884892096330
121 153 -0.0000000000010000
153 153 1.4285714285724000
124 154 -0.0000000000010000
154 154 1.4285714285724000
149 155 -0.0000000000010000
155 155 0.5000000000010000
150 156 -0.0000000000010000
156 156 0.5000000000010000
157 157 1000.0009999999999764
276 157 -1000.0000000000000000
158 158 1000.0009999999999764
279 158 -1000.0000000000000000
159 159 3000.0000199999999495
273 159 -1000.0000000000000000
275 159 -1000.0000000000000000
278 159 -1000.0000000000000000
160 160 3000.0000000000000000
272 160 -1000.0000000000000000
277 160 -1000.0000000000000000
283 160 -1000.0000000000000000
161 161 1000.0003555555999810
169 161 -0.0001333333333333
173 161 -0.0002222222222222
287 161 -1000.0000000000000000
162 162 1000.0454545454999788
170 162 -0.0454545454545450
294 162 -1000.0000000000000000
163 163 1000.0666666667000300
292 163 -1000.0000000000000000
164 164 2000.0000000000000000
282 164 -1000.0000000000000000
297 164 -1000.0000000000000000
122 165 -0.3797949107482000
123 165 -0.0003485028236432
165 165 1000.3802434136000556
179 165 -0.0000000000000000
239 165 -0.0001000000000000
296 165 -1000.0000000000000000
166 166 2000.0099999999999909
290 166 -1000.0000000000000000
300 166 -1000.0000000000000000
167 167 2000.0000399999998990
299 167 -1000.0000000000000000
303 167 -1000.0000000000000000
168 168 4000.0000000000000000
173 168 -0.0000000000000000
274 168 -1000.0000000000000000
280 168 -1000.0000000000000000
289 168 -1000.0000000000000000
302 168 -1000.0000000000000000
161 169 -0.0001333333333333
169 169 4000.0001333332998001
288 169 -1000.0000000000000000
293 169 -1000.0000000000000000
298 169 -1000.0000000000000000
301 169 -1000.0000000000000000
162 170 -0.0454545454545450
170 170 1000.0829915824999716
171 170 -0.0370370370370370
217 170 -0.0005000000000000
306 170 -1000.0000000000000000
170 171 -0.0370370370370370
171 171 2000.0370370369998909
305 171 -1000.0000000000000000
309 171 -1000.0000000000000000
172 172 1000.0666666667000300
243 172 -0.0666666666666670
307 172 -1000.0000000000000000
161 173 -0.0002222222222222
168 173 -0.0000000000000000
173 173 4000.0002222222001365
286 173 -1000.0000000000000000
304 173 -1000.0000000000000000
308 173 -1000.0000000000000000
310 173 -1000.0000000000000000
174 174 3000.0000256409998656
176 174 -0.0000256410256410
311 174 -1000.0000000000000000
313 174 -1000.0000000000000000
314 174 -1000.0000000000000000
175 175 1000.0001999999999498
321 175 -1000.0000000000000000
174 176 -0.0000256410256410
176 176 3000.0000256409998656
316 176 -1000.0000000000000000
317 176 -1000.0000000000000000
320 176 -1000.0000000000000000
177 177 4000.0000000000000000
265 177 -1000.0000000000000000
281 177 -1000.0000000000000000
284 177 -1000.0000000000000000
319 177 -1000.0000000000000000
178 178 2000.0000000000000000
285 178 -1000.0000000000000000
324 178 -1000.0000000000000000
121 179 -100.0000000000000000
122 179 -0.0000000000108716
123 179 -0.3797949107482000
165 179 -0.0000000000000000
179 179 1100.3902949108000939
243 179 -0.0005000000000000
257 179 -0.0100000000000000
258 179 -0.0000000000051276
323 179 -1000.0000000000000000
180 180 5000.0000000000000000
266 180 -1000.0000000000000000
268 180 -1000.0000000000000000
269 180 -1000.0000000000000000
295 180 -1000.0000000000000000
322 180 -1000.0000000000000000
181 181 1000.0009999999999764
336 181 -1000.0000000000000000
182 182 1000.0009999999999764
339 182 -1000.0000000000000000
183 183 3000.0000199999999495
333 183 -1000.0000000000000000
335 183 -1000.0000000000000000
338 183 -1000.0000000000000000
184 184 3000.0000000000000000
332 184 -1000.0000000000000000
337 184 -1000.0000000000000000
343 184 -1000.0000000000000000
185 185 1000.0003555555999810
193 185 -0.0001333333333333
197 185 -0.0002222222222222
347 185 -1000.0000000000000000
186 186 1000.0454545454999788
194 186 -0.0454545454545450
354 186 -1000.0000000000000000
187 187 1000.0666666667000300
352 187 -1000.0000000000000000
188 188 2000.0000000000000000
342 188 -1000.0000000000000000
357 188 -1000.0000000000000000
125 189 -0.3797949107482000
126 189 -0.0000348694511732
189 189 1000.3799297801999728
203 189 -0.0000000000000000
240 189 -0.0001000000000000
356 189 -1000.0000000000000000
190 190 2000.0099999999999909
350 190 -1000.0000000000000000
360 190 -1000.0000000000000000
191 191 2000.0000399999998990
359 191 -1000.0000000000000000
363 191 -1000.0000000000000000
192 192 4000.0000000000000000
197 192 -0.0000000000000000
334 192 -1000.0000000000000000
340 192 -1000.0000000000000000
349 192 -1000.0000000000000000
362 192 -1000.0000000000000000
185 193 -0.0001333333333333
193 193 4000.0001333332998001
348 193 -1000.0000000000000000
353 193 -1000.0000000000000000
358 193 -1000.0000000000000000
361 193 -1000.0000000000000000
186 194 -0.0454545454545450
194 194 1000.0829915824999716
195 194 -0.0370370370370370
218 194 -0.0005000000000000
366 194 -1000.0000000000000000
194 195 -0.0370370370370370
195 195 2000.0370370369998909
365 195 -1000.0000000000000000
369 195 -1000.0000000000000000
196 196 1000.0666666667000300
244 196 -0.0666666666666670
367 196 -1000.0000000000000000
185 197 -0.0002222222222222
192 197 -0.0000000000000000
197 197 4000.0002222222001365
346 197 -1000.0000000000000000
364 197 -1000.0000000000000000
368 197 -1000.0000000000000000
370 197 -1000.0000000000000000
198 198 3000.0000256409998656
200 198 -0.0000256410256410
371 198 -1000.0000000000000000
373 198 -1000.0000000000000000
374 198 -1000.0000000000000000
199 199 1000.0001999999999498
381 199 -1000.0000000000000000
198 200 -0.0000256410256410
200 200 3000.0000256409998656
376 200 -1000.0000000000000000
377 200 -1000.0000000000000000
380 200 -1000.0000000000000000
201 201 4000.0000000000000000
325 201 -1000.0000000000000000
341 201 -1000.0000000000000000
344 201 -1000.0000000000000000
379 201 -1000.0000000000000000
202 202 2000.0000000000000000
345 202 -1000.0000000000000000
384 202 -1000.0000000000000000
124 203 -100.0000000000000000
125 203 -0.0000000000302275
126 203 -0.3797949107482000
189 203 -0.0000000000000000
203 203 1100.3902949108000939
244 203 -0.0005000000000000
259 203 -0.0100000000000000
260 203 -0.0000000000058259
383 203 -1000.0000000000000000
204 204 5000.0000000000000000
326 204 -1000.0000000000000000
328 204 -1000.0000000000000000
329 204 -1000.0000000000000000
355 204 -1000.0000000000000000
382 204 -1000.0000000000000000
87 205 -0.0064102564102564
129 205 1.0000000000000000
205 205 0.0064102564102564
385 205 -1.0000000000000000
387 205 23.9020403279420002
88 206 -0.0172413793103450
130 206 1.0000000000000000
206 206 0.0172413793103450
90 207 -0.0064102564102564
133 207 1.0000000000000000
207 207 0.0064102564102564
390 207 -1.0000000000000000
392 207 23.9020403235049983
91 208 -0.0172413793103450
134 208 1.0000000000000000
208 208 0.0172413793103450
93 209 -4.0000000000000000
209 209 4.0000000000000000
395 209 1.0000000000000000
94 210 -4.0000000000000000
210 210 4.0000000000000000
396 210 1.0000000000000000
112 211 -2.0000000000000000
211 211 2.0000000000000000
397 211 1.0000000000000000
114 212 -2.0000000000000000
212 212 2.0000000000000000
398 212 1.0000000000000000
213 213 0.0001653571620896
239 213 -0.0000112739571590
214 214 0.0001653571620896
240 214 -0.0000112739571590
95 215 -100000.0000000000000000
215 215 100000.1999999999970896
96 216 -100000.0000000000000000
216 216 100000.1999999999970896
135 217 -100.0000000000000000
143 217 -1.0000000000000000
144 217 -0.0000000000010007
170 217 -0.0005000000000000
217 217 105.0622384240499940
402 217 -4.0617384240455001
136 218 -100.0000000000000000
145 218 -1.0000000000000000
146 218 -0.0000000000010008
194 218 -0.0005000000000000
218 218 105.0622384240499940
405 218 -4.0617384240455001
137 219 -1.0000000000000000
139 219 -0.0000000092441982
219 219 5.1647241123244001
220 219 -0.0025000000000000
245 219 -0.0013333333333333
419 219 -5.1608907697469002
219 220 -0.0025000000000000
220 220 4.0847450831792997
411 220 -4.0617384240455001
418 220 -0.0205066591338360
138 221 -1.0000000000000000
140 221 -0.0000000095749170
221 221 5.1647241126551000
222 221 -0.0025000000000000
246 221 -0.0013333333333333
422 221 -5.1608907697469002
221 222 -0.0025000000000000
222 222 4.0847450831792997
414 222 -4.0617384240455001
421 222 -0.0205066591338360
99 223 -100000.0000000000000000
223 223 100031.7901342499972088
425 223 -31.7901342497370010
224 224 0.1264145008083800
249 224 -0.0005000000000000
424 224 -0.1159145008083800
100 225 -100000.0000000000000000
225 225 100008.8983804900053656
423 225 -8.8983804947500005
101 226 -100000.0000000000000000
226 226 100031.7901342499972088
428 226 -31.7901342497370010
227 227 0.1264145008083800
250 227 -0.0005000000000000
427 227 -0.1159145008083800
102 228 -100000.0000000000000000
228 228 100008.8983804900053656
426 228 -8.8983804947500005
103 229 -100000.0000000000000000
229 229 100000.0006587999960175
249 229 -0.0005000000000000
429 229 -0.0000000699791008
104 230 -100000.0000000000000000
230 230 100000.0006587999960175
250 230 -0.0005000000000000
430 230 -0.0000000699791028
139 231 -17.8890876565299983
231 231 39.8445187668479974
235 231 -0.0025000000000000
241 231 -0.1250000000000000
413 231 -21.8179311103190017
140 232 -17.8890876565299983
232 232 39.8445187668479974
236 232 -0.0025000000000000
242 232 -0.1250000000000000
416 232 -21.8179311103190017
105 233 -1000000.0000000000000000
141 233 -1000.0000000000000000
233 233 1002006.5746219999855384
253 233 -1000.0000000000000000
254 233 -0.0000000029857038
399 233 -6.5746219592372999
106 234 -1000000.0000000000000000
142 234 -1000.0000000000000000
234 234 1002006.5746219999855384
255 234 -1000.0000000000000000
256 234 -0.0000000044572442
408 234 -6.5746219592372999
107 235 -0.3357958361316300
143 235 -0.0000000000180185
144 235 -0.0100000000000000
231 235 -0.0025000000000000
235 235 0.8063724054178000
412 235 -0.0214366271491350
417 235 -0.4366399421190100
108 236 -0.3357958361316300
145 236 -0.0000000000011987
146 236 -0.0100000000000000
232 236 -0.0025000000000000
236 236 0.8063724054009800
415 236 -0.0214366271491350
420 236 -0.4366399421190100
237 237 0.0002002000000000
238 237 -0.0000002000000000
147 238 -0.0000000091627545
148 238 -0.0000000091627545
237 238 -0.0000002000000000
238 238 0.0000002183255090
119 239 -0.0000000500000000
165 239 -0.0001000000000000
213 239 -0.0000112739571590
239 239 0.0001113239571590
120 240 -0.0000000500000000
189 240 -0.0001000000000000
214 240 -0.0000112739571590
240 240 0.0001113239571590
231 241 -0.1250000000000000
241 241 0.1766795870302500
400 241 -0.0516795870302520
232 242 -0.1250000000000000
242 242 0.1766795870302500
409 242 -0.0516795870302520
149 243 -1000.0000000000000000
172 243 -0.0666666666666670
179 243 -0.0005000000000000
243 243 7000.0702969697003937
245 243 -0.0001000000000000
247 243 -0.0030303030303030
261 243 -1000.0000000000000000
262 243 -0.0000000000010000
267 243 -1000.0000000000000000
270 243 -1000.0000000000000000
271 243 -1000.0000000000000000
312 243 -1000.0000000000000000
315 243 -1000.0000000000000000
150 244 -1000.0000000000000000
196 244 -0.0666666666666670
203 244 -0.0005000000000000
244 244 7000.0702969697003937
246 244 -0.0001000000000000
248 244 -0.0030303030303030
263 244 -1000.0000000000000000
264 244 -0.0000000000011938
327 244 -1000.0000000000000000
330 244 -1000.0000000000000000
331 244 -1000.0000000000000000
372 244 -1000.0000000000000000
375 244 -1000.0000000000000000
219 245 -0.0013333333333333
243 245 -0.0001000000000000
245 245 0.0228699604824690
403 245 -0.0214366271491350
221 246 -0.0013333333333333
244 246 -0.0001000000000000
246 246 0.0450377737092320
406 246 -0.0436044403758990
111 247 -1000000.0000000000000000
112 247 -0.5000000000000000
243 247 -0.0030303030303030
247 247 1000000.5030303000239655
113 248 -1000000.0000000000000000
114 248 -0.5000000000000000
244 248 -0.0030303030303030
248 248 1000000.5030303000239655
115 249 -100000.0000000000000000
116 249 -0.0100000000000000
224 249 -0.0005000000000000
229 249 -0.0005000000000000
249 249 100000.0109999999986030
117 250 -100000.0000000000000000
118 250 -0.0100000000000000
227 250 -0.0005000000000000
230 250 -0.0005000000000000
250 250 100000.0109999999986030
119 251 -0.0003333333333333
251 251 0.0003335333333333
120 252 -0.0003333333333333
252 252 0.0003335333333333
233 253 -1000.0000000000000000
253 253 1000.0000000000000000
233 254 -0.0000000029857038
254 254 70.9219858185889933
234 255 -1000.0000000000000000
255 255 1000.0000000000000000
234 256 -0.0000000044572442
256 256 70.9219858200600015
179 257 -0.0100000000000000
257 257 0.0100000008624990
179 258 -0.0000000000051276
258 258 0.0100000000051280
203 259 -0.0100000000000000
259 259 0.0100000002225020
203 260 -0.0000000000058259
260 260 0.0100000000058260
243 261 -1000.0000000000000000
261 261 1000.0000000000000000
243 262 -0.0000000000010000
262 262 6.0128819983944002
244 263 -1000.0000000000000000
263 263 1000.0000000000000000
244 264 -0.0000000000011938
264 264 6.0128819983946000
177 265 -1000.0000000000000000
265 265 1000.0000000000000000
266 265 -0.0000000000010000
267 265 -0.0000000000010000
180 266 -1000.0000000000000000
265 266 0.0013521571994850
266 266 1000.0000001444999498
267 266 -0.0013523016617245
243 267 -1000.0000000000000000
265 267 -0.0013521572014851
266 267 -0.0000001444612395
267 267 1000.0013523016999670
180 268 -1000.0000000000000000
268 268 1000.0000000000000000
269 268 -0.0000000000010321
270 268 -0.0000000000010321
180 269 -1000.0000000000000000
268 269 0.0013521571994208
269 269 1000.0000001444999498
270 269 -0.0013523016616924
243 270 -1000.0000000000000000
268 270 -0.0013521572014850
269 270 -0.0000001444612395
270 270 1000.0013523016999670
243 271 -1000.0000000000000000
271 271 1000.0000000000000000
272 271 -0.0000000000010000
273 271 -0.0000000000010000
160 272 -1000.0000000000000000
271 272 0.0439975012364910
272 272 1000.0000059778999457
273 272 -0.0440034791588550
159 273 -1000.0000000000000000
271 273 -0.0439975012384910
272 273 -0.0000059779213639
273 273 1000.0440034792000006
168 274 -1000.0000000000000000
274 274 1000.0000000000000000
275 274 -0.0000000000010000
276 274 -0.0000000000010000
159 275 -1000.0000000000000000
274 275 -0.0000000000010000
275 275 1000.0000000000000000
276 275 -0.0000000000000001
157 276 -1000.0000000000000000
274 276 -0.0000000000010000
275 276 -0.0000000000000001
276 276 1000.0000000000000000
160 277 -1000.0000000000000000
277 277 1000.0000000000000000
278 277 -0.0000000000010011
279 277 -0.0000000000010011
159 278 -1000.0000000000000000
277 278 -0.0000000000010023
278 278 1000.0000000000000000
279 278 0.0000000000000010
158 279 -1000.0000000000000000
277 279 -0.0000000000010000
278 279 -0.0000000000000001
279 279 1000.0000000000000000
168 280 -1000.0000000000000000
280 280 1000.0000001777000307
281 280 -0.0000000888544137
282 280 -0.0000000888544137
177 281 -1000.0000000000000000
280 281 -0.0000001578334769
281 281 1000.0000000889000376
282 281 0.0000000689769398
164 282 -1000.0000000000000000
280 282 -0.0000000198753506
281 282 -0.0000000000021234
282 282 1000.0000000198999714
160 283 -1000.0000000000000000
283 283 1000.1595257267999841
284 283 -0.0797628634114880
285 283 -0.0797628634114880
177 284 -1000.0000000000000000
283 284 -0.1561443827166700
284 284 1000.0797632246999456
285 284 0.0763811580504700
178 285 -1000.0000000000000000
283 285 -0.0033813441063061
284 285 -0.0000003612547122
285 285 1000.0033817053999883
173 286 -1000.0000000000000000
286 286 1000.0000000000000000
287 286 -0.0000000000010037
288 286 -0.0000000000010037
161 287 -1000.0000000000000000
286 287 0.0000000627615478
287 287 1000.0000000000000000
288 287 -0.0000000627710791
169 288 -1000.0000000000000000
286 288 -0.0000000627635552
287 288 -0.0000000000085277
288 288 1000.0000000628000407
168 289 -1000.0000000000000000
289 289 1000.0000000000000000
290 289 -0.0000000000010004
291 289 -0.0000000000010004
166 290 -1000.0000000000000000
289 290 -0.0000000000009682
290 290 1000.0000000000000000
291 290 -0.0000000000000324
289 291 -0.0000000000010327
290 291 -0.0000000000000001
291 291 1000.0000000000000000
163 292 -1000.0000000000000000
292 292 1000.0000000000000000
293 292 -0.0000000000010007
294 292 -0.0000000000010007
169 293 -1000.0000000000000000
292 293 -0.0000000000009972
293 293 1000.0000000000000000
294 293 -0.0000000000000037
162 294 -1000.0000000000000000
292 294 -0.0000000000010043
293 294 -0.0000000000000001
294 294 1000.0000000000000000
180 295 -1000.0000000000000000
295 295 1000.0000000000000000
296 295 -0.0000000000108921
297 295 -0.0000000000108921
165 296 -1000.0000000000000000
295 296 0.0001437888157099
296 296 1000.0000000195000212
297 296 -0.0001438083631288
164 297 -1000.0000000000000000
295 297 -0.0001437888374941
296 297 -0.0000000195365268
297 297 1000.0001438084000256
169 298 -1000.0000000000000000
298 298 1000.0000000000000000
299 298 -0.0000000000010163
300 298 -0.0000000000010163
167 299 -1000.0000000000000000
298 299 0.0001708930437731
299 299 1000.0000000231999593
300 299 -0.0001709162639532
166 300 -1000.0000000000000000
298 300 -0.0001708930458056
299 300 -0.0000000232191638
300 300 1000.0001709163000214
169 301 -1000.0000000000000000
301 301 1000.3133663543000011
302 301 -0.1566831771745700
303 301 -0.1566831771745700
168 302 -1000.0000000000000000
301 302 -0.0038215216519527
302 302 1000.1567252349000228
303 302 -0.1529037132444500
167 303 -1000.0000000000000000
301 303 -0.3095448326971900
302 303 -0.0000420577218339
303 303 1000.3095868904000554
173 304 -1000.0000000000000000
304 304 1000.0000000000000000
305 304 -0.0000000000010010
306 304 -0.0000000000010010
171 305 -1000.0000000000000000
304 305 -0.0000000000009700
305 305 1000.0000000000000000
306 305 -0.0000000000000312
170 306 -1000.0000000000000000
304 306 -0.0000000000010321
305 306 -0.0000000000000001
306 306 1000.0000000000000000
172 307 -1000.0000000000000000
307 307 1000.0000000000000000
308 307 -0.0000000000010024
309 307 -0.0000000000010024
173 308 -1000.0000000000000000
307 308 0.6989221100461900
308 308 1000.0000949622000235
309 308 -0.6990170722904100
171 309 -1000.0000000000000000
307 309 -0.6989221100482000
308 309 -0.0000949622432131
309 309 1000.6990170722999665
173 310 -1000.0000000000000000
310 310 1000.2042125166000233
311 310 -0.1021062582954300
312 310 -0.1021062582954300
174 311 -1000.0000000000000000
310 311 -0.2042125165885100
311 311 1000.1021062582999548
312 311 0.1021062582930800
243 312 -1000.0000000000000000
310 312 -0.0000000000023551
311 312 -0.0000000000000003
312 312 1000.0000000000000000
174 313 -1000.0000000000000000
313 313 1000.0000000000000000
314 313 -0.0000000000010321
315 313 -0.0000000000010321
174 314 -1000.0000000000000000
313 314 0.0000000000002908
314 314 1000.0000000000000000
315 314 -0.0000000000013232
243 315 -1000.0000000000000000
313 315 -0.0000000000023551
314 315 -0.0000000000000003
315 315 1000.0000000000000000
176 316 -1000.0000000000000000
316 316 1000.0000000000000000
317 316 -0.0000000000010321
318 316 -0.0000000000010321
176 317 -1000.0000000000000000
316 317 0.0000192843313862
317 317 1000.0000000026000180
318 317 -0.0000192869525723
316 318 -0.0000192843334504
317 318 -0.0000000026201540
318 318 1000.0000192869999864
177 319 -1000.0000000000000000
319 319 1000.0000001199999815
320 319 -0.0000000599827771
321 319 -0.0000000599827771
176 320 -1000.0000000000000000
319 320 0.0695668732212010
320 320 1000.0000095120000196
321 320 -0.0695763852410960
175 321 -1000.0000000000000000
319 321 -0.0695669931867550
320 321 -0.0000094520371178
321 321 1000.0695764452000276
180 322 -1000.0000000000000000
322 322 1000.0030004366999492
323 322 -0.0015002183509747
324 322 -0.0015002183509747
179 323 -1000.0000000000000000
322 323 -0.0030004107160613
323 323 1000.0015002183999968
324 323 0.0015001923615559
178 324 -1000.0000000000000000
322 324 -0.0000000259858880
323 324 -0.0000000000035307
324 324 1000.0000000259999524
201 325 -1000.0000000000000000
325 325 1001.3588624021000442
326 325 -0.6794312010251200
327 325 -0.6794312010251200
204 326 -1000.0000000000000000
325 326 -1.3582620835153001
326 326 1000.6794312652000372
327 326 0.6788308183535400
244 327 -1000.0000000000000000
325 327 -0.0006003185349818
326 327 -0.0000000641365956
327 327 1000.0006003826999859
204 328 -1000.0000000000000000
328 328 1000.0000000000000000
329 328 -0.0000000000010321
330 328 -0.0000000000010321
204 329 -1000.0000000000000000
328 329 0.0006003185329176
329 329 1000.0000000641000497
330 329 -0.0006003826705453
244 330 -1000.0000000000000000
328 330 -0.0006003185349818
329 330 -0.0000000641365956
330 330 1000.0006003826999859
244 331 -1000.0000000000000000
331 331 1000.0000000000000000
332 331 -0.0000000000020800
333 331 -0.0000000000020800
184 332 -1000.0000000000000000
331 332 0.0004400530656861
332 332 1000.0000000597999588
333 332 -0.0004401128575854
183 333 -1000.0000000000000000
331 333 -0.0004400530698462
332 333 -0.0000000597898193
333 333 1000.0004401129000371
192 334 -1000.0000000000000000
334 334 1000.0000000000000000
335 334 -0.0000000000010001
336 334 -0.0000000000010001
183 335 -1000.0000000000000000
334 335 0.0002762187410734
335 335 1000.0000000374999445
336 335 -0.0002762562717941
181 336 -1000.0000000000000000
334 336 -0.0002762187430737
335 336 -0.0000000375297205
336 336 1000.0002762563000260
184 337 -1000.0000000000000000
337 337 1000.0000000000000000
338 337 -0.0000000000010014
339 337 -0.0000000000010014
183 338 -1000.0000000000000000
337 338 0.0002753117857403
338 338 1000.0000000374000138
339 338 -0.0002753491932346
182 339 -1000.0000000000000000
337 339 -0.0002753117877431
338 339 -0.0000000374064929
339 339 1000.0002753492000238
192 340 -1000.0000000000000000
340 340 1000.0000237356999833
341 340 -0.0000118678465528
342 340 -0.0000118678465528
201 341 -1000.0000000000000000
340 341 -0.0000237356921050
341 341 1000.0000118678000263
342 341 0.0000118678455520
188 342 -1000.0000000000000000
340 342 -0.0000000000010007
341 342 -0.0000000000000001
342 342 1000.0000000000000000
184 343 -1000.0000000000000000
343 343 1000.0225523126999860
344 343 -0.0112761563671480
345 343 -0.0112761563671480
201 344 -1000.0000000000000000
343 344 -0.0222797191653480
344 344 1000.0112761855000372
345 344 0.0110035336749550
202 345 -1000.0000000000000000
343 345 -0.0002725935689481
344 345 -0.0000000291232445
345 345 1000.0002726226999812
197 346 -1000.0000000000000000
346 346 1000.0000000000000000
347 346 -0.0000000000022615
348 346 -0.0000000000022615
185 347 -1000.0000000000000000
346 347 -0.0000000000035177
347 347 1000.0000000000000000
348 347 0.0000000000012561
193 348 -1000.0000000000000000
346 348 -0.0000000000010053
347 348 -0.0000000000000001
348 348 1000.0000000000000000
192 349 -1000.0000000000000000
349 349 1000.0000000000000000
350 349 -0.0000000000010001
351 349 -0.0000000000010001
190 350 -1000.0000000000000000
349 350 -0.0000000000009681
350 350 1000.0000000000000000
351 350 -0.0000000000000322
349 351 -0.0000000000010322
350 351 -0.0000000000000001
351 351 1000.0000000000000000
187 352 -1000.0000000000000000
352 352 1000.0000000000000000
353 352 -0.0000000000010002
354 352 -0.0000000000010002
193 353 -1000.0000000000000000
352 353 -0.0000000000010002
353 353 1000.0000000000000000
354 353 -0.0000000000000001
186 354 -1000.0000000000000000
352 354 -0.0000000000010001
353 354 -0.0000000000000001
354 354 1000.0000000000000000
204 355 -1000.0000000000000000
355 355 1000.0000000004999947
356 355 -0.0000000002632777
357 355 -0.0000000002632777
189 356 -1000.0000000000000000
355 356 0.0001452140074559
356 356 1000.0000000200000159
357 356 -0.0001452340009692
188 357 -1000.0000000000000000
355 357 -0.0001452145340113
356 357 -0.0000000197302356
357 357 1000.0001452343000210
193 358 -1000.0000000000000000
358 358 1000.0000000000000000
359 358 -0.0000000000010163
360 358 -0.0000000000010163
191 359 -1000.0000000000000000
358 359 0.0000098126835587
359 359 1000.0000000013000090
360 359 -0.0000098140178203
190 360 -1000.0000000000000000
358 360 -0.0000098126855913
359 360 -0.0000000013332453
360 360 1000.0000098140000091
193 361 -1000.0000000000000000
361 361 1000.0447375738000346
362 361 -0.0223687868937650
363 361 -0.0223687868937650
192 362 -1000.0000000000000000
361 362 -0.0006214984308584
362 362 1000.0223747809000088
363 362 -0.0217532824948850
191 363 -1000.0000000000000000
361 363 -0.0441160753566730
362 363 -0.0000059940319778
363 363 1000.0441220694000322
197 364 -1000.0000000000000000
364 364 1000.0000000000000000
365 364 -0.0000000000010001
366 364 -0.0000000000010001
195 365 -1000.0000000000000000
364 365 -0.0000000000009682
365 365 1000.0000000000000000
366 365 -0.0000000000000321
194 366 -1000.0000000000000000
364 366 -0.0000000000010321
365 366 -0.0000000000000001
366 366 1000.0000000000000000
196 367 -1000.0000000000000000
367 367 1000.0000180125000497
368 367 -0.0000090062596476
369 367 -0.0000090062596476
197 368 -1000.0000000000000000
367 368 -0.0000067270773981
368 368 1000.0000090078000312
369 368 -0.0000022807155976
195 369 -1000.0000000000000000
367 369 -0.0000112854418971
368 369 -0.0000000015333481
369 369 1000.0000112870000066
197 370 -1000.0000000000000000
370 370 1000.0000202820000368
371 370 -0.0000101410178391
372 370 -0.0000101410178391
198 371 -1000.0000000000000000
370 371 -0.0000201109617791
371 371 1000.0000101409999615
372 371 0.0000099699256629
244 372 -1000.0000000000000000
370 372 -0.0000001710738991
371 372 -0.0000000000182771
372 372 1000.0000001711000550
198 373 -1000.0000000000000000
373 373 1000.0000000000000000
374 373 -0.0000000000010321
375 373 -0.0000000000010321
198 374 -1000.0000000000000000
373 374 0.0000001710718348
374 374 1000.0000000000000000
375 374 -0.0000001710911441
244 375 -1000.0000000000000000
373 375 -0.0000001710738991
374 375 -0.0000000000182771
375 375 1000.0000001711000550
200 376 -1000.0000000000000000
376 376 1000.0000000000000000
377 376 -0.0000000000010321
378 376 -0.0000000000010321
200 377 -1000.0000000000000000
376 377 0.0000027532721754
377 377 1000.0000000003999503
378 377 -0.0000027536472937
376 378 -0.0000027532742397
377 378 -0.0000000003740862
378 378 1000.0000027536000289
201 379 -1000.0000000000000000
379 379 1000.0000000001999751
380 379 -0.0000000000762084
381 379 -0.0000000000762084
200 380 -1000.0000000000000000
379 380 0.0000287825668958
380 380 1000.0000000039999577
381 380 -0.0000287865537998
199 381 -1000.0000000000000000
379 381 -0.0000287827193127
380 381 -0.0000000039106956
381 381 1000.0000287865999553
204 382 -1000.0000000000000000
382 382 1000.0009126705999734
383 382 -0.0004563353240190
384 382 -0.0004563353240190
203 383 -1000.0000000000000000
382 383 -0.0009126706470369
383 383 1000.0004563352999867
384 383 0.0004563353230178
202 384 -1000.0000000000000000
382 384 -0.0000000000010011
383 384 -0.0000000000000001
384 384 1000.0000000000000000
205 385 -1.0000000000000000
386 385 1.0000000000000000
388 385 -22553.1914893620014482
385 386 1.0000000000000000
387 386 -24.9020403279420002
386 387 -1.0000000000000000
388 388 1.0000000000000000
389 389 1.0000000000000000
207 390 -1.0000000000000000
391 390 1.0000000000000000
393 390 -22553.1914893620014482
390 391 1.0000000000000000
392 391 -24.9020403235049983
391 392 -1.0000000000000000
393 393 1.0000000000000000
394 394 1.0000000000000000
209 395 1.0000000000000000
210 396 1.0000000000000000
211 397 1.0000000000000000
212 398 1.0000000000000000
233 399 -6.5746219592372999
399 399 6.5746220251342002
400 399 -0.0000000654252656
401 399 -0.0000000004716168
241 400 -0.0516795870302520
399 400 -0.0000000650331204
400 400 0.0516796653201240
401 400 -0.0000000132567513
399 401 -0.0000000008637620
400 401 -0.0000000128646061
401 401 1000.0000000136999461
217 402 -4.0617384240455001
402 402 4.0617384240531003
403 402 -0.0000000000064516
404 402 -0.0000000000011414
245 403 -0.0214366271491350
402 403 0.0000000002403040
403 403 0.0214366272244260
404 403 -0.0000000003155943
402 404 -0.0000000002478970
403 404 -0.0000000000688387
404 404 21.8179311106359997
218 405 -4.0617384240455001
405 405 4.0866477443122999
406 405 -0.0075229902480895
407 405 -0.0173863300187550
246 406 -0.0436044403758990
405 406 -0.0248956816643760
406 406 0.0511274306241630
407 406 0.0173726914161130
405 407 -0.0000136386024683
406 407 -0.0000000000001743
407 407 21.8179447489219989
234 408 -6.5746219592372999
408 408 6.5746220570845999
409 408 -0.0000000970116072
410 408 -0.0000000008356297
242 409 -0.0516795870302520
408 409 -0.0000000969832033
409 409 0.0516796969064110
410 409 -0.0000000128929558
408 410 -0.0000000008640337
409 410 -0.0000000128645518
410 410 1000.0000000136999461
220 411 -4.0617384240455001
411 411 4.0617384241950996
412 411 -0.0000000001478520
413 411 -0.0000000000017636
235 412 -0.0214366271491350
411 412 -0.0000000001478319
412 412 0.0214366272979750
413 412 -0.0000000000010073
231 413 -21.8179311103190017
411 413 -0.0000000000017837
412 413 -0.0000000000009872
413 413 21.8179311103220002
222 414 -4.0617384240455001
414 414 4.0617384242012999
415 414 -0.0000000001540450
416 414 -0.0000000000018071
236 415 -0.0214366271491350
414 415 -0.0000000001540684
415 415 0.0214366273041680
416 415 -0.0000000000009638
232 416 -21.8179311103190017
414 416 -0.0000000000017837
415 416 -0.0000000000009872
416 416 21.8179311103220002
235 417 -0.4366399421190100
417 417 0.4366399421328900
418 417 -0.0000000000115445
419 417 -0.0000000000023340
220 418 -0.0205066591338360
417 418 -0.0000000000115071
418 418 0.0205066591468250
419 418 -0.0000000000014824
219 419 -5.1608907697469002
417 419 -0.0000000000023714
418 419 -0.0000000000014449
419 419 5.1608907697506998
236 420 -0.4366399421190100
420 420 0.4366399421335000
421 420 -0.0000000000120807
422 420 -0.0000000000024092
222 421 -0.0205066591338360
420 421 -0.0000000000121182
421 421 0.0205066591473620
422 421 -0.0000000000014074
221 422 -5.1608907697469002
420 422 -0.0000000000023717
421 422 -0.0000000000014449
422 422 5.1608907697506998
225 423 -8.8983804947500005
423 423 8.8983804952514003
424 423 -0.0000000004433623
425 423 -0.0000000000581129
224 424 -0.1159145008083800
423 424 -0.0000000004460478
424 424 0.1159145012597200
425 424 -0.0000000000052897
223 425 -31.7901342497370010
423 425 -0.0000000000554274
424 425 -0.0000000000079752
425 425 31.7901342498000012
228 426 -8.8983804947500005
426 426 8.8983804952514003
427 426 -0.0000000004433624
428 426 -0.0000000000581111
227 427 -0.1159145008083800
426 427 -0.0000000004430330
427 427 0.1159145012600800
428 427 -0.0000000000086665
226 428 -31.7901342497370010
426 428 -0.0000000000584405
427 428 -0.0000000000083372
428 428 31.7901342498040016
229 429 -0.0000000699791008
429 429 26.9179004737479985
230 430 -0.0000000699791028
430 430 26.9179004737479985
