430 430 1544
1 1 8.3333333333333002
7 1 1.0000000000000000
15 1 -8.3333333333333002
2 2 8.3333333333333002
8 2 1.0000000000000000
17 2 -8.3333333333333002
3 3 100000.0000000000000000
21 3 -0.0000000000000000
36 3 -100000.0000000000000000
4 4 100000.0000000000000000
15 4 -0.0000000000000000
37 4 -100000.0000000000000000
5 5 100000.0000000000000000
25 5 -0.0000000000000000
40 5 -100000.0000000000000000
6 6 100000.0000000000000000
17 6 -0.0000000000000000
41 6 -100000.0000000000000000
1 7 1.0000000000000000
19 7 -1.0000000000000000
2 8 1.0000000000000000
20 8 -1.0000000000000000
31 9 -1.0000000000000000
33 9 1.0000000000000000
32 10 -1.0000000000000000
34 10 1.0000000000000000
24 11 1.0000000000000000
36 11 -1.0000000000000000
29 12 1.0000000000000000
37 12 -1.0000000000000000
28 13 1.0000000000000000
40 13 -1.0000000000000000
30 14 1.0000000000000000
41 14 -1.0000000000000000
1 15 -8.3333333333333002
4 15 -0.0000000000000000
15 15 8.3395833333332998
19 15 -0.0062500000000000
52 15 1.0000000000000000
16 16 100000.0000000000000000
19 16 -100000.0000000000000000
95 16 -0.0000000000000000
2 17 -8.3333333333333002
6 17 -0.0000000000000000
17 17 8.3395833333332998
20 17 -0.0062500000000000
58 17 1.0000000000000000
18 18 100000.0000000000000000
20 18 -100000.0000000000000000
96 18 -0.0000000000000000
7 19 -1.0000000000000000
15 19 -0.0062500000000000
16 19 -100000.0000000000000000
19 19 200000.0062833300034981
95 19 -0.0000333333333333
97 19 -100000.0000000000000000
8 20 -1.0000000000000000
17 20 -0.0062500000000000
18 20 -100000.0000000000000000
20 20 200000.0062833300034981
96 20 -0.0000333333333333
98 20 -100000.0000000000000000
3 21 -0.0000000000000000
21 21 18.1961038961039989
22 21 -18.1818181818179987
47 21 -1.0000000000000000
49 21 3639.4086651963998520
99 21 -0.0142857142857140
21 22 -18.1818181818179987
22 22 18.1818181818179987
59 22 1.0000000000000000
23 23 100000.0000000000000000
95 23 -100000.0000000000000000
99 23 -0.0000000000000000
11 24 1.0000000000000000
24 24 1.2987012987013000
100 24 -1.2987012987013000
5 25 -0.0000000000000000
25 25 18.1961038961039989
26 25 -18.1818181818179987
53 25 -1.0000000000000000
55 25 3639.4204346305000399
101 25 -0.0142857142857140
25 26 -18.1818181818179987
26 26 18.1818181818179987
60 26 1.0000000000000000
27 27 100000.0000000000000000
96 27 -100000.0000000000000000
101 27 -0.0000000000000000
13 28 1.0000000000000000
28 28 1.2987012987013000
102 28 -1.2987012987013000
12 29 1.0000000000000000
29 29 0.7142857142857100
103 29 -0.7142857142857100
14 30 1.0000000000000000
30 30 0.7142857142857100
104 30 -0.7142857142857100
9 31 -1.0000000000000000
63 31 1.0000000000000000
10 32 -1.0000000000000000
66 32 1.0000000000000000
9 33 1.0000000000000000
33 33 3.2051282051282000
111 33 -3.2051282051282000
10 34 1.0000000000000000
34 34 3.2051282051282000
113 34 -3.2051282051282000
35 35 100000.0000000000000000
100 35 -0.0000000000000000
115 35 -100000.0000000000000000
3 36 -100000.0000000000000000
11 36 -1.0000000000000000
36 36 100000.0006060599989723
69 36 -1.0000000000000000
71 36 3639.4086651963998520
100 36 -0.0006060606060606
4 37 -100000.0000000000000000
12 37 -1.0000000000000000
37 37 100000.0003246800042689
74 37 1.0000000000000000
103 37 -0.0003246753246753
38 38 100000.0000000000000000
103 38 -100000.0000000000000000
115 38 -0.0000000000000000
39 39 100000.0000000000000000
102 39 -0.0000000000000000
117 39 -100000.0000000000000000
5 40 -100000.0000000000000000
13 40 -1.0000000000000000
40 40 100000.0006060599989723
77 40 -1.0000000000000000
79 40 3639.4204346305000399
102 40 -0.0006060606060606
6 41 -100000.0000000000000000
14 41 -1.0000000000000000
41 41 100000.0003246800042689
82 41 1.0000000000000000
104 41 -0.0003246753246753
42 42 100000.0000000000000000
104 42 -100000.0000000000000000
117 42 -0.0000000000000000
43 43 0.8826125330979701
45 43 -1.0000000000000000
85 43 -0.8826125330979701
44 44 0.8826125330979701
46 44 -1.0000000000000000
86 44 -0.8826125330979701
43 45 -1.0000000000000000
87 45 1.0000000000000000
44 46 -1.0000000000000000
90 46 1.0000000000000000
21 47 -1.0000000000000000
48 47 1.0000000000000000
75 47 -310.0775193798399982
47 48 1.0000000000000000
49 48 -3640.4086651963998520
48 49 -1.0000000000000000
95 49 1.0000000000000000
51 50 1.0000000000000000
75 50 -465.1162790697699734
95 50 -1.0000000000000000
50 51 1.0000000000000000
52 51 -3640.4086651963998520
15 52 1.0000000000000000
51 52 -1.0000000000000000
25 53 -1.0000000000000000
54 53 1.0000000000000000
83 53 -310.0775193798399982
53 54 1.0000000000000000
55 54 -3640.4204346305000399
54 55 -1.0000000000000000
96 55 1.0000000000000000
57 56 1.0000000000000000
83 56 -465.1162790697699734
96 56 -1.0000000000000000
56 57 1.0000000000000000
58 57 -3640.4204346305000399
17 58 1.0000000000000000
57 58 -1.0000000000000000
22 59 1.0000000000000000
99 59 -1.0000000000000000
26 60 1.0000000000000000
101 60 -1.0000000000000000
62 61 1.0000000000000000
105 61 -1.0000000000000000
388 61 -691.4893617021300543
61 62 1.0000000000000000
63 62 -24.9020403234809997
31 63 1.0000000000000000
62 63 -1.0000000000000000
65 64 1.0000000000000000
106 64 -1.0000000000000000
393 64 -691.4893617021300543
64 65 1.0000000000000000
66 65 -24.9020403234809997
32 66 1.0000000000000000
65 66 -1.0000000000000000
67 67 0.8826125422607199
89 67 -0.8826125330979701
109 67 -0.0000000091627545
68 68 0.8826125422607199
92 68 -0.8826125330979701
110 68 -0.0000000091627545
36 69 -1.0000000000000000
70 69 1.0000000000000000
75 69 -1705.4263565890998962
69 70 1.0000000000000000
71 70 -3640.4086651963998520
70 71 -1.0000000000000000
115 71 1.0000000000000000
73 72 1.0000000000000000
75 72 -2325.5813953488000152
115 72 -1.0000000000000000
72 73 1.0000000000000000
74 73 -3640.4086651963998520
37 74 1.0000000000000000
73 74 -1.0000000000000000
75 75 1.0000000000000000
76 76 1.0000000000000000
40 77 -1.0000000000000000
78 77 1.0000000000000000
83 77 -1705.4263565890998962
77 78 1.0000000000000000
79 78 -3640.4204346305000399
78 79 -1.0000000000000000
117 79 1.0000000000000000
81 80 1.0000000000000000
83 80 -2325.5813953488000152
117 80 -1.0000000000000000
80 81 1.0000000000000000
82 81 -3640.4204346305000399
41 82 1.0000000000000000
81 82 -1.0000000000000000
83 83 1.0000000000000000
84 84 1.0000000000000000
43 85 -0.8826125330979701
85 85 0.8826125422607300
119 85 -0.0000000091627611
44 86 -0.8826125330979701
86 86 0.8826125422687300
120 86 -0.0000000091707585
45 87 1.0000000000000000
87 87 0.0064102564102564
205 87 -0.0064102564102564
88 88 0.0172413793103450
105 88 -0.0000000000000000
127 88 -1.0000000000000000
129 88 23.9020403234809997
206 88 -0.0172413793103450
67 89 -0.8826125330979701
89 89 0.8826125330979701
130 89 -1.0000000000000000
46 90 1.0000000000000000
90 90 0.0064102564102564
207 90 -0.0064102564102564
91 91 0.0172413793103450
106 91 -0.0000000000000000
131 91 -1.0000000000000000
133 91 23.9020403234809997
208 91 -0.0172413793103450
68 92 -0.8826125330979701
92 92 0.8826125330979701
134 92 -1.0000000000000000
93 93 8.0000000000000000
116 93 -4.0000000000000000
209 93 -4.0000000000000000
94 94 8.0000000000000000
118 94 -4.0000000000000000
210 94 -4.0000000000000000
16 95 -0.0000000000000000
19 95 -0.0000333333333333
23 95 -100000.0000000000000000
49 95 1.0000000000000000
50 95 -1.0000000000000000
52 95 3639.4086651963998520
95 95 200000.0001102699898183
99 95 -0.0000769230769231
115 95 -0.0000000100000000
215 95 -100000.0000000000000000
18 96 -0.0000000000000000
20 96 -0.0000333333333333
27 96 -100000.0000000000000000
55 96 1.0000000000000000
56 96 -1.0000000000000000
58 96 3639.4204346305000399
96 96 200000.0001102699898183
101 96 -0.0000769230769231
117 96 -0.0000000100000000
216 96 -100000.0000000000000000
19 97 -100000.0000000000000000
97 97 100000.0000000000000000
137 97 1.0000000000000000
20 98 -100000.0000000000000000
98 98 100000.0000000000000000
138 98 1.0000000000000000
21 99 -0.0142857142857140
23 99 -0.0000000000000000
59 99 -1.0000000000000000
95 99 -0.0000769230769231
99 99 100000.0143626399949426
223 99 -100000.0000000000000000
24 100 -1.2987012987013000
35 100 -0.0000000000000000
36 100 -0.0006060606060606
100 100 100001.2993098199949600
115 100 -0.0000024630541872
225 100 -100000.0000000000000000
25 101 -0.0142857142857140
27 101 -0.0000000000000000
60 101 -1.0000000000000000
96 101 -0.0000769230769231
101 101 100000.0143626399949426
226 101 -100000.0000000000000000
28 102 -1.2987012987013000
39 102 -0.0000000000000000
40 102 -0.0006060606060606
102 102 100001.2993098199949600
117 102 -0.0000024630541872
228 102 -100000.0000000000000000
29 103 -0.7142857142857100
37 103 -0.0003246753246753
38 103 -100000.0000000000000000
103 103 200000.7146117200027220
115 103 -0.0000013333333333
229 103 -100000.0000000000000000
30 104 -0.7142857142857100
41 104 -0.0003246753246753
42 104 -100000.0000000000000000
104 104 200000.7146117200027220
117 104 -0.0000013333333333
230 104 -100000.0000000000000000
61 105 -1.0000000000000000
63 105 23.9020403234809997
88 105 -0.0000000000000000
105 105 1000000.0000000000000000
233 105 -1000000.0000000000000000
64 106 -1.0000000000000000
66 106 23.9020403234809997
91 106 -0.0000000000000000
106 106 1000000.0000000000000000
234 106 -1000000.0000000000000000
107 107 0.3357958361326300
135 107 -0.0000000000010000
235 107 -0.3357958361316300
108 108 0.3357958362364300
136 108 -0.0000000001047977
236 108 -0.3357958361316300
67 109 -0.0000000091627545
109 109 0.8826125422607199
147 109 -0.8826125330979701
68 110 -0.0000000091627545
110 110 0.8826125422607199
148 110 -0.8826125330979701
33 111 -3.2051282051282000
111 111 1000003.2051282000029460
247 111 -1000000.0000000000000000
112 112 2.5000000000000000
211 112 -2.0000000000000000
247 112 -0.5000000000000000
34 113 -3.2051282051282000
113 113 1000003.2051282000029460
248 113 -1000000.0000000000000000
114 114 2.5000000000000000
212 114 -2.0000000000000000
248 114 -0.5000000000000000
35 115 -100000.0000000000000000
38 115 -0.0000000000000000
71 115 1.0000000000000000
72 115 -1.0000000000000000
74 115 3639.4086651963998520
95 115 -0.0000000100000000
100 115 -0.0000024630541872
103 115 -0.0000013333333333
115 115 200000.0000038100115489
249 115 -100000.0000000000000000
93 116 -4.0000000000000000
116 116 4.0099999999999998
249 116 -0.0100000000000000
39 117 -100000.0000000000000000
42 117 -0.0000000000000000
79 117 1.0000000000000000
80 117 -1.0000000000000000
82 117 3639.4204346305000399
96 117 -0.0000000100000000
102 117 -0.0000024630541872
104 117 -0.0000013333333333
117 117 200000.0000038100115489
250 117 -100000.0000000000000000
94 118 -4.0000000000000000
118 118 4.0099999999999998
250 118 -0.0100000000000000
85 119 -0.0000000091627611
119 119 0.0003333924960945
239 119 -0.0000000500000000
251 119 -0.0003333333333333
86 120 -0.0000000091707585
120 120 0.0003333925040918
240 120 -0.0000000500000000
252 120 -0.0003333333333333
121 121 100.0000000000000000
153 121 -0.0000000000010000
179 121 -100.0000000000000000
122 122 0.3797949320888900
165 122 -0.3797949107482000
179 122 -0.0000000213406898
123 123 0.3797949325799000
165 123 -0.0000000218317024
179 123 -0.3797949107482000
124 124 100.0000000000000000
154 124 -0.0000000000010000
203 124 -100.0000000000000000
125 125 0.3797949313153500
189 125 -0.3797949107482000
203 125 -0.0000000205671494
126 126 0.3797949334010000
189 126 -0.0000000226528055
203 126 -0.3797949107482000
88 127 -1.0000000000000000
128 127 1.0000000000000000
388 127 -7047.8723404254997149
127 128 1.0000000000000000
129 128 -24.9020403234809997
128 129 -1.0000000000000000
205 129 1.0000000000000000
89 130 -1.0000000000000000
206 130 1.0000000000000000
91 131 -1.0000000000000000
132 131 1.0000000000000000
393 131 -7047.8723404254997149
131 132 1.0000000000000000
133 132 -24.9020403234809997
132 133 -1.0000000000000000
207 133 1.0000000000000000
92 134 -1.0000000000000000
208 134 1.0000000000000000
107 135 -0.0000000000010000
135 135 100.0000000000000000
217 135 -100.0000000000000000
108 136 -0.0000000001047977
136 136 100.0000000001000018
218 136 -100.0000000000000000
97 137 1.0000000000000000
219 137 -1.0000000000000000
98 138 1.0000000000000000
221 138 -1.0000000000000000
139 139 17.8890876660130012
219 139 -0.0000000094834419
231 139 -17.8890876565299983
140 140 17.8890876660079989
221 140 -0.0000000094781506
232 140 -17.8890876565299983
141 141 1000.0000000000000000
151 141 -0.0000000000010000
233 141 -1000.0000000000000000
142 142 1000.0000000000000000
152 142 -0.0000000000010000
234 142 -1000.0000000000000000
143 143 1.0000000000013001
217 143 -1.0000000000000000
235 143 -0.0000000000013046
144 144 0.0100000000010010
217 144 -0.0000000000010008
235 144 -0.0100000000000000
145 145 1.0000007116503000
218 145 -1.0000000000000000
236 145 -0.0000007116503412
146 146 0.0100000000010010
218 146 -0.0000000000010005
236 146 -0.0100000000000000
109 147 -0.8826125330979701
147 147 0.8826125422607199
238 147 -0.0000000091627545
110 148 -0.8826125330979701
148 148 0.8826125422607199
238 148 -0.0000000091627545
149 149 1000.0000000000000000
155 149 -0.0000000000010000
243 149 -1000.0000000000000000
150 150 1000.0000000000000000
156 150 -0.0000000000010000
244 150 -1000.0000000000000000
141 151 -0.0000000000010000
151 151 0.0143884892096330
142 152 -0.0000000000010000
152 152 0.0143884892096330
121 153 -0.0000000000010000
153 153 1.4285714285724000
124 154 -0.0000000000010000
154 154 1.4285714285724000
149 155 -0.0000000000010000
155 155 0.5000000000010000
150 156 -0.0000000000010000
156 156 0.5000000000010000
157 157 1000.0009999999999764
276 157 -1000.0000000000000000
158 158 1000.0009999999999764
279 158 -1000.0000000000000000
159 159 3000.0000199999999495
273 159 -1000.0000000000000000
275 159 -1000.0000000000000000
278 159 -1000.0000000000000000
160 160 3000.0000000000000000
272 160 -1000.0000000000000000
277 160 -1000.0000000000000000
283 160 -1000.0000000000000000
161 161 1000.0003555555999810
169 161 -0.0001333333333333
173 161 -0.0002222222222222
287 161 -1000.0000000000000000
162 162 1000.0454545454999788
170 162 -0.0454545454545450
294 162 -1000.0000000000000000
163 163 1000.0666666667000300
292 163 -1000.0000000000000000
164 164 2000.0000000000000000
282 164 -1000.0000000000000000
297 164 -1000.0000000000000000
122 165 -0.3797949107482000
123 165 -0.0000000218317024
165 165 1000.3798949325999956
179 165 -0.0000000000000000
239 165 -0.0001000000000000
296 165 -1000.0000000000000000
166 166 2000.0099999999999909
290 166 -1000.0000000000000000
300 166 -1000.0000000000000000
167 167 2000.0000399999998990
299 167 -1000.0000000000000000
303 167 -1000.0000000000000000
168 168 4000.0000000000000000
173 168 -0.0000000000000000
274 168 -1000.0000000000000000
280 168 -1000.0000000000000000
289 168 -1000.0000000000000000
302 168 -1000.0000000000000000
161 169 -0.0001333333333333
169 169 4000.0001333332998001
288 169 -1000.0000000000000000
293 169 -1000.0000000000000000
298 169 -1000.0000000000000000
301 169 -1000.0000000000000000
162 170 -0.0454545454545450
170 170 1000.0829915824999716
171 170 -0.0370370370370370
217 170 -0.0005000000000000
306 170 -1000.0000000000000000
170 171 -0.0370370370370370
171 171 2000.0370370369998909
305 171 -1000.0000000000000000
309 171 -1000.0000000000000000
172 172 1000.0666666667000300
243 172 -0.0666666666666670
307 172 -1000.0000000000000000
161 173 -0.0002222222222222
168 173 -0.0000000000000000
173 173 4000.0002222222001365
286 173 -1000.0000000000000000
304 173 -1000.0000000000000000
308 173 -1000.0000000000000000
310 173 -1000.0000000000000000
174 174 3000.0000256409998656
176 174 -0.0000256410256410
311 174 -1000.0000000000000000
313 174 -1000.0000000000000000
314 174 -1000.0000000000000000
175 175 1000.0001999999999498
321 175 -1000.0000000000000000
174 176 -0.0000256410256410
176 176 3000.0000256409998656
316 176 -1000.0000000000000000
317 176 -1000.0000000000000000
320 176 -1000.0000000000000000
177 177 4000.0000000000000000
265 177 -1000.0000000000000000
281 177 -1000.0000000000000000
284 177 -1000.0000000000000000
319 177 -1000.0000000000000000
178 178 2000.0000000000000000
285 178 -1000.0000000000000000
324 178 -1000.0000000000000000
121 179 -100.0000000000000000
122 179 -0.0000000213406898
123 179 -0.3797949107482000
165 179 -0.0000000000000000
179 179 1100.3902949321000051
243 179 -0.0005000000000000
257 179 -0.0100000000000000
258 179 -0.0000000000058567
323 179 -1000.0000000000000000
180 180 5000.0000000000000000
266 180 -1000.0000000000000000
268 180 -1000.0000000000000000
269 180 -1000.0000000000000000
295 180 -1000.0000000000000000
322 180 -1000.0000000000000000
181 181 1000.0009999999999764
336 181 -1000.0000000000000000
182 182 1000.0009999999999764
339 182 -1000.0000000000000000
183 183 3000.0000199999999495
333 183 -1000.0000000000000000
335 183 -1000.0000000000000000
338 183 -1000.0000000000000000
184 184 3000.0000000000000000
332 184 -1000.0000000000000000
337 184 -1000.0000000000000000
343 184 -1000.0000000000000000
185 185 1000.0003555555999810
193 185 -0.0001333333333333
197 185 -0.0002222222222222
347 185 -1000.0000000000000000
186 186 1000.0454545454999788
194 186 -0.0454545454545450
354 186 -1000.0000000000000000
187 187 1000.0666666667000300
352 187 -1000.0000000000000000
188 188 2000.0000000000000000
342 188 -1000.0000000000000000
357 188 -1000.0000000000000000
125 189 -0.3797949107482000
126 189 -0.0000000226528055
189 189 1000.3798949334000099
203 189 -0.0000000000000000
240 189 -0.0001000000000000
356 189 -1000.0000000000000000
190 190 2000.0099999999999909
350 190 -1000.0000000000000000
360 190 -1000.0000000000000000
191 191 2000.0000399999998990
359 191 -1000.0000000000000000
363 191 -1000.0000000000000000
192 192 4000.0000000000000000
197 192 -0.0000000000000000
334 192 -1000.0000000000000000
340 192 -1000.0000000000000000
349 192 -1000.0000000000000000
362 192 -1000.0000000000000000
185 193 -0.0001333333333333
193 193 4000.0001333332998001
348 193 -1000.0000000000000000
353 193 -1000.0000000000000000
358 193 -1000.0000000000000000
361 193 -1000.0000000000000000
186 194 -0.0454545454545450
194 194 1000.0829915824999716
195 194 -0.0370370370370370
218 194 -0.0005000000000000
366 194 -1000.0000000000000000
194 195 -0.0370370370370370
195 195 2000.0370370369998909
365 195 -1000.0000000000000000
369 195 -1000.0000000000000000
196 196 1000.0666666667000300
244 196 -0.0666666666666670
367 196 -1000.0000000000000000
185 197 -0.0002222222222222
192 197 -0.0000000000000000
197 197 4000.0002222222001365
346 197 -1000.0000000000000000
364 197 -1000.0000000000000000
368 197 -1000.0000000000000000
370 197 -1000.0000000000000000
198 198 3000.0000256409998656
200 198 -0.0000256410256410
371 198 -1000.0000000000000000
373 198 -1000.0000000000000000
374 198 -1000.0000000000000000
199 199 1000.0001999999999498
381 199 -1000.0000000000000000
198 200 -0.0000256410256410
200 200 3000.0000256409998656
376 200 -1000.0000000000000000
377 200 -1000.0000000000000000
380 200 -1000.0000000000000000
201 201 4000.0000000000000000
325 201 -1000.0000000000000000
341 201 -1000.0000000000000000
344 201 -1000.0000000000000000
379 201 -1000.0000000000000000
202 202 2000.0000000000000000
345 202 -1000.0000000000000000
384 202 -1000.0000000000000000
124 203 -100.0000000000000000
125 203 -0.0000000205671494
126 203 -0.3797949107482000
189 203 -0.0000000000000000
203 203 1100.3902949313001045
244 203 -0.0005000000000000
259 203 -0.0100000000000000
260 203 -0.0000000000058569
383 203 -1000.0000000000000000
204 204 5000.0000000000000000
326 204 -1000.0000000000000000
328 204 -1000.0000000000000000
329 204 -1000.0000000000000000
355 204 -1000.0000000000000000
382 204 -1000.0000000000000000
87 205 -0.0064102564102564
129 205 1.0000000000000000
205 205 0.0064102564102564
385 205 -1.0000000000000000
387 205 23.9020403234809997
88 206 -0.0172413793103450
130 206 1.0000000000000000
206 206 0.0172413793103450
90 207 -0.0064102564102564
133 207 1.0000000000000000
207 207 0.0064102564102564
390 207 -1.0000000000000000
392 207 23.9020403234809997
91 208 -0.0172413793103450
134 208 1.0000000000000000
208 208 0.0172413793103450
93 209 -4.0000000000000000
209 209 4.0000000000000000
395 209 1.0000000000000000
94 210 -4.0000000000000000
210 210 4.0000000000000000
396 210 1.0000000000000000
112 211 -2.0000000000000000
211 211 2.0000000000000000
397 211 1.0000000000000000
114 212 -2.0000000000000000
212 212 2.0000000000000000
398 212 1.0000000000000000
213 213 0.0001653571620896
239 213 -0.0000112739571590
214 214 0.0001653571620896
240 214 -0.0000112739571590
95 215 -100000.0000000000000000
215 215 100000.1999999999970896
96 216 -100000.0000000000000000
216 216 100000.1999999999970896
135 217 -100.0000000000000000
143 217 -1.0000000000000000
144 217 -0.0000000000010008
170 217 -0.0005000000000000
217 217 105.0622384240499940
402 217 -4.0617384240455001
136 218 -100.0000000000000000
145 218 -1.0000000000000000
146 218 -0.0000000000010005
194 218 -0.0005000000000000
218 218 105.0622384240499940
405 218 -4.0617384240455001
137 219 -1.0000000000000000
139 219 -0.0000000094834419
219 219 5.1647241125635999
220 219 -0.0025000000000000
245 219 -0.0013333333333333
419 219 -5.1608907697469002
219 220 -0.0025000000000000
220 220 4.0847450831792997
411 220 -4.0617384240455001
418 220 -0.0205066591338360
138 221 -1.0000000000000000
140 221 -0.0000000094781506
221 221 5.1647241125583001
222 221 -0.0025000000000000
246 221 -0.0013333333333333
422 221 -5.1608907697469002
221 222 -0.0025000000000000
222 222 4.0847450831792997
414 222 -4.0617384240455001
421 222 -0.0205066591338360
99 223 -100000.0000000000000000
223 223 100031.7901342499972088
425 223 -31.7901342497370010
224 224 0.1264145008083800
249 224 -0.0005000000000000
424 224 -0.1159145008083800
100 225 -100000.0000000000000000
225 225 100008.8983804900053656
423 225 -8.8983804947500005
101 226 -100000.0000000000000000
226 226 100031.7901342499972088
428 226 -31.7901342497370010
227 227 0.1264145008083800
250 227 -0.0005000000000000
427 227 -0.1159145008083800
102 228 -100000.0000000000000000
228 228 100008.8983804900053656
426 228 -8.8983804947500005
103 229 -100000.0000000000000000
229 229 100000.0006587999960175
249 229 -0.0005000000000000
429 229 -0.0000000699791022
104 230 -100000.0000000000000000
230 230 100000.0006587999960175
250 230 -0.0005000000000000
430 230 -0.0000000699791022
139 231 -17.8890876565299983
231 231 39.8445187668479974
235 231 -0.0025000000000000
241 231 -0.1250000000000000
413 231 -21.8179311103190017
140 232 -17.8890876565299983
232 232 39.8445187668479974
236 232 -0.0025000000000000
242 232 -0.1250000000000000
416 232 -21.8179311103190017
105 233 -1000000.0000000000000000
141 233 -1000.0000000000000000
233 233 1002006.5746219999855384
253 233 -1000.0000000000000000
254 233 -0.0000000045372860
399 233 -6.5746219592372999
106 234 -1000000.0000000000000000
142 234 -1000.0000000000000000
234 234 1002006.5746219999855384
255 234 -1000.0000000000000000
256 234 -0.0000000045376817
408 234 -6.5746219592372999
107 235 -0.3357958361316300
143 235 -0.0000000000013046
144 235 -0.0100000000000000
231 235 -0.0025000000000000
235 235 0.8063724054010800
412 235 -0.0214366271491350
417 235 -0.4366399421190100
108 236 -0.3357958361316300
145 236 -0.0000007116503412
146 236 -0.0100000000000000
232 236 -0.0025000000000000
236 236 0.8063731170501200
415 236 -0.0214366271491350
420 236 -0.4366399421190100
237 237 0.0002002000000000
238 237 -0.0000002000000000
147 238 -0.0000000091627545
148 238 -0.0000000091627545
237 238 -0.0000002000000000
238 238 0.0000002183255090
119 239 -0.0000000500000000
165 239 -0.0001000000000000
213 239 -0.0000112739571590
239 239 0.0001113239571590
120 240 -0.0000000500000000
189 240 -0.0001000000000000
214 240 -0.0000112739571590
240 240 0.0001113239571590
231 241 -0.1250000000000000
241 241 0.1766795870302500
400 241 -0.0516795870302520
232 242 -0.1250000000000000
242 242 0.1766795870302500
409 242 -0.0516795870302520
149 243 -1000.0000000000000000
172 243 -0.0666666666666670
179 243 -0.0005000000000000
243 243 7000.0702969697003937
245 243 -0.0001000000000000
247 243 -0.0030303030303030
261 243 -1000.0000000000000000
262 243 -0.0000000000051632
267 243 -1000.0000000000000000
270 243 -1000.0000000000000000
271 243 -1000.0000000000000000
312 243 -1000.0000000000000000
315 243 -1000.0000000000000000
150 244 -1000.0000000000000000
196 244 -0.0666666666666670
203 244 -0.0005000000000000
244 244 7000.0702969697003937
246 244 -0.0001000000000000
248 244 -0.0030303030303030
263 244 -1000.0000000000000000
264 244 -0.0000000000052258
327 244 -1000.0000000000000000
330 244 -1000.0000000000000000
331 244 -1000.0000000000000000
372 244 -1000.0000000000000000
375 244 -1000.0000000000000000
219 245 -0.0013333333333333
243 245 -0.0001000000000000
245 245 0.0256140984894270
403 245 -0.0241807651560940
221 246 -0.0013333333333333
244 246 -0.0001000000000000
246 246 0.0228699604824690
406 246 -0.0214366271491350
111 247 -1000000.0000000000000000
112 247 -0.5000000000000000
243 247 -0.0030303030303030
247 247 1000000.5030303000239655
113 248 -1000000.0000000000000000
114 248 -0.5000000000000000
244 248 -0.0030303030303030
248 248 1000000.5030303000239655
115 249 -100000.0000000000000000
116 249 -0.0100000000000000
224 249 -0.0005000000000000
229 249 -0.0005000000000000
249 249 100000.0109999999986030
117 250 -100000.0000000000000000
118 250 -0.0100000000000000
227 250 -0.0005000000000000
230 250 -0.0005000000000000
250 250 100000.0109999999986030
119 251 -0.0003333333333333
251 251 0.0003335333333333
120 252 -0.0003333333333333
252 252 0.0003335333333333
233 253 -1000.0000000000000000
253 253 1000.0000000000000000
233 254 -0.0000000045372860
254 254 70.9219858201399944
234 255 -1000.0000000000000000
255 255 1000.0000000000000000
234 256 -0.0000000045376817
256 256 70.9219858201410034
179 257 -0.0100000000000000
257 257 0.0100000002105910
179 258 -0.0000000000058567
258 258 0.0100000000058570
203 259 -0.0100000000000000
259 259 0.0100000002105230
203 260 -0.0000000000058569
260 260 0.0100000000058570
243 261 -1000.0000000000000000
261 261 1000.0000000000000000
243 262 -0.0000000000051632
262 262 6.0128819983985000
244 263 -1000.0000000000000000
263 263 1000.0000000000000000
244 264 -0.0000000000052258
264 264 6.0128819983986004
177 265 -1000.0000000000000000
265 265 1000.0000075448999723
266 265 -0.0000037724353223
267 265 -0.0000037724353223
180 266 -1000.0000000000000000
265 266 -0.0000074651116147
266 266 1000.0000037723999640
267 266 0.0000036926677711
243 267 -1000.0000000000000000
265 267 -0.0000000797590300
266 267 -0.0000000000085213
267 267 1000.0000000797999746
180 268 -1000.0000000000000000
268 268 1000.0000000000000000
269 268 -0.0000000000010321
270 268 -0.0000000000010321
180 269 -1000.0000000000000000
268 269 0.0000000797569658
269 269 1000.0000000000000000
270 269 -0.0000000797665191
243 270 -1000.0000000000000000
268 270 -0.0000000797590300
269 270 -0.0000000000085213
270 270 1000.0000000797999746
243 271 -1000.0000000000000000
271 271 1000.0000253199000326
272 271 -0.0000126599580056
273 271 -0.0000126599580056
160 272 -1000.0000000000000000
271 272 0.0002020843229438
272 272 1000.0000126909000073
273 272 -0.0002147751782645
159 273 -1000.0000000000000000
271 273 -0.0002274042389550
272 273 -0.0000000308973151
273 273 1000.0002274350999869
168 274 -1000.0000000000000000
274 274 1000.0000000000000000
275 274 -0.0000000000010015
276 274 -0.0000000000010015
159 275 -1000.0000000000000000
274 275 -0.0000000000010012
275 275 1000.0000000000000000
276 275 -0.0000000000000004
157 276 -1000.0000000000000000
274 276 -0.0000000000010018
275 276 -0.0000000000000001
276 276 1000.0000000000000000
160 277 -1000.0000000000000000
277 277 1000.0000000000000000
278 277 -0.0000000000010014
279 277 -0.0000000000010014
159 278 -1000.0000000000000000
277 278 -0.0000000000010010
278 278 1000.0000000000000000
279 278 -0.0000000000000005
158 279 -1000.0000000000000000
277 279 -0.0000000000010018
278 279 -0.0000000000000001
279 279 1000.0000000000000000
168 280 -1000.0000000000000000
280 280 1000.0000000938000539
281 280 -0.0000000469028002
282 280 -0.0000000469028002
177 281 -1000.0000000000000000
280 281 -0.0000000938045986
281 281 1000.0000000469000270
282 281 0.0000000469017983
164 282 -1000.0000000000000000
280 282 -0.0000000000010018
281 282 -0.0000000000000001
282 282 1000.0000000000000000
160 283 -1000.0000000000000000
283 283 1000.0000005353000461
284 283 -0.0000002676619326
285 283 -0.0000002676619326
177 284 -1000.0000000000000000
283 284 -0.0000005353228634
284 284 1000.0000002676999884
285 284 0.0000002676609308
178 285 -1000.0000000000000000
283 285 -0.0000000000010017
284 285 -0.0000000000000001
285 285 1000.0000000000000000
173 286 -1000.0000000000000000
286 286 1000.0000000000000000
287 286 -0.0000000000010322
288 286 -0.0000000000010322
161 287 -1000.0000000000000000
286 287 -0.0000000000010324
287 287 1000.0000000000000000
288 287 0.0000000000000000
169 288 -1000.0000000000000000
286 288 -0.0000000000010320
287 288 -0.0000000000000001
288 288 1000.0000000000000000
168 289 -1000.0000000000000000
289 289 1000.0000000000000000
290 289 -0.0000000000010018
291 289 -0.0000000000010018
166 290 -1000.0000000000000000
289 290 -0.0000000000009714
290 290 1000.0000000000000000
291 290 -0.0000000000000305
289 291 -0.0000000000010321
290 291 -0.0000000000000001
291 291 1000.0000000000000000
163 292 -1000.0000000000000000
292 292 1000.0000000000000000
293 292 -0.0000000000010272
294 292 -0.0000000000010272
169 293 -1000.0000000000000000
292 293 -0.0000000000010528
293 293 1000.0000000000000000
294 293 0.0000000000000255
162 294 -1000.0000000000000000
292 294 -0.0000000000010016
293 294 -0.0000000000000001
294 294 1000.0000000000000000
180 295 -1000.0000000000000000
295 295 1000.0000001501999805
296 295 -0.0000000751079592
297 295 -0.0000000751079592
165 296 -1000.0000000000000000
295 296 -0.0000001156084843
296 296 1000.0000000751000471
297 296 0.0000000404958230
164 297 -1000.0000000000000000
295 297 -0.0000000346074342
296 297 -0.0000000000047021
297 297 1000.0000000346000206
169 298 -1000.0000000000000000
298 298 1000.0000000000000000
299 298 -0.0000000000010269
300 298 -0.0000000000010269
167 299 -1000.0000000000000000
298 299 -0.0000000000010220
299 299 1000.0000000000000000
300 299 -0.0000000000000050
166 300 -1000.0000000000000000
298 300 -0.0000000000010317
299 300 -0.0000000000000001
300 300 1000.0000000000000000
169 301 -1000.0000000000000000
301 301 1000.0000038396999571
302 301 -0.0000019198671701
303 301 -0.0000019198671701
168 302 -1000.0000000000000000
301 302 -0.0000015440741046
302 302 1000.0000019202000203
303 302 -0.0000003761049759
167 303 -1000.0000000000000000
301 303 -0.0000022956602356
302 303 -0.0000000003119104
303 303 1000.0000022960000479
173 304 -1000.0000000000000000
304 304 1000.0000000000000000
305 304 -0.0000000000010016
306 304 -0.0000000000010016
171 305 -1000.0000000000000000
304 305 -0.0000000000009711
305 305 1000.0000000000000000
306 305 -0.0000000000000306
170 306 -1000.0000000000000000
304 306 -0.0000000000010321
305 306 -0.0000000000000001
306 306 1000.0000000000000000
172 307 -1000.0000000000000000
307 307 1000.0000000000000000
308 307 -0.0000000000010369
309 307 -0.0000000000010369
173 308 -1000.0000000000000000
307 308 0.0000141434713718
308 308 1000.0000000019000481
309 308 -0.0000141453940763
171 309 -1000.0000000000000000
307 309 -0.0000141434734456
308 309 -0.0000000019216676
309 309 1000.0000141453999731
173 310 -1000.0000000000000000
310 310 1000.0000048593000201
311 310 -0.0000024296478601
312 310 -0.0000024296478601
174 311 -1000.0000000000000000
310 311 -0.0000027442818101
311 311 1000.0000024298999506
312 311 0.0000003144079870
243 312 -1000.0000000000000000
310 312 -0.0000021150139100
311 312 -0.0000000002259630
312 312 1000.0000021152000045
174 313 -1000.0000000000000000
313 313 1000.0000000000000000
314 313 -0.0000000000010321
315 313 -0.0000000000010321
174 314 -1000.0000000000000000
313 314 0.0000021150118458
314 314 1000.0000000001999751
315 314 -0.0000021152388409
243 315 -1000.0000000000000000
313 315 -0.0000021150139100
314 315 -0.0000000002259630
315 315 1000.0000021152000045
176 316 -1000.0000000000000000
316 316 1000.0000000000000000
317 316 -0.0000000000010321
318 316 -0.0000000000010321
176 317 -1000.0000000000000000
316 317 -0.0000000000010625
317 317 1000.0000000000000000
318 317 0.0000000000000302
316 318 -0.0000000000010018
317 318 -0.0000000000000001
318 318 1000.0000000000000000
177 319 -1000.0000000000000000
319 319 1000.0000000000000000
320 319 -0.0000000000010015
321 319 -0.0000000000010015
176 320 -1000.0000000000000000
319 320 -0.0000000000010012
320 320 1000.0000000000000000
321 320 -0.0000000000000005
175 321 -1000.0000000000000000
319 321 -0.0000000000010018
320 321 -0.0000000000000001
321 321 1000.0000000000000000
180 322 -1000.0000000000000000
322 322 1000.0000001595000185
323 322 -0.0000000797590330
324 322 -0.0000000797590330
179 323 -1000.0000000000000000
322 323 -0.0000000251464500
323 323 1000.0000000797999746
324 323 -0.0000000546308400
178 324 -1000.0000000000000000
322 324 -0.0000001343716159
323 324 -0.0000000000182570
324 324 1000.0000001344000111
201 325 -1000.0000000000000000
325 325 1000.0000208001999908
326 325 -0.0000104001041409
327 325 -0.0000104001041409
204 326 -1000.0000000000000000
325 326 -0.0000196263058459
326 326 1000.0000104002000398
327 326 0.0000092260762881
244 327 -1000.0000000000000000
325 327 -0.0000011739024358
326 327 -0.0000000001254169
327 327 1000.0000011739999763
204 328 -1000.0000000000000000
328 328 1000.0000000000000000
329 328 -0.0000000000010321
330 328 -0.0000000000010321
204 329 -1000.0000000000000000
328 329 0.0000011739003716
329 329 1000.0000000001000444
330 329 -0.0000011740268206
244 330 -1000.0000000000000000
328 330 -0.0000011739024358
329 330 -0.0000000001254169
330 330 1000.0000011739999763
244 331 -1000.0000000000000000
331 331 1000.0000302104000411
332 331 -0.0000151051924759
333 331 -0.0000151051924759
184 332 -1000.0000000000000000
331 332 0.0000146098822855
332 332 1000.0000151112999447
333 332 -0.0000297211644717
183 333 -1000.0000000000000000
331 333 -0.0000448202672374
332 333 -0.0000000060897102
333 333 1000.0000448263999715
192 334 -1000.0000000000000000
334 334 1000.0000000000000000
335 334 -0.0000000000010014
336 334 -0.0000000000010014
183 335 -1000.0000000000000000
334 335 -0.0000000000009919
335 335 1000.0000000000000000
336 335 -0.0000000000000096
181 336 -1000.0000000000000000
334 336 -0.0000000000010109
335 336 -0.0000000000000001
336 336 1000.0000000000000000
184 337 -1000.0000000000000000
337 337 1000.0000000000000000
338 337 -0.0000000000010015
339 337 -0.0000000000010015
183 338 -1000.0000000000000000
337 338 -0.0000000000009922
338 338 1000.0000000000000000
339 338 -0.0000000000000095
182 339 -1000.0000000000000000
337 339 -0.0000000000010109
338 339 -0.0000000000000001
339 339 1000.0000000000000000
192 340 -1000.0000000000000000
340 340 1000.0000291571000162
341 340 -0.0000145785272232
342 340 -0.0000145785272232
201 341 -1000.0000000000000000
340 341 -0.0000291570534464
341 341 1000.0000145784999859
342 341 0.0000145785262231
188 342 -1000.0000000000000000
340 342 -0.0000000000010000
341 342 -0.0000000000000001
342 342 1000.0000000000000000
184 343 -1000.0000000000000000
343 343 1000.0000034099999766
344 343 -0.0000017049846932
345 343 -0.0000017049846932
201 344 -1000.0000000000000000
343 344 -0.0000031312999727
344 344 1000.0000017050000451
345 344 0.0000014262855071
202 345 -1000.0000000000000000
343 345 -0.0000002786694137
344 345 -0.0000000000297724
345 345 1000.0000002786999858
197 346 -1000.0000000000000000
346 346 1000.0000000000000000
347 346 -0.0000000000010321
348 346 -0.0000000000010321
185 347 -1000.0000000000000000
346 347 -0.0000000000010321
347 347 1000.0000000000000000
348 347 -0.0000000000000001
193 348 -1000.0000000000000000
346 348 -0.0000000000010321
347 348 -0.0000000000000001
348 348 1000.0000000000000000
192 349 -1000.0000000000000000
349 349 1000.0000000000000000
350 349 -0.0000000000010015
351 349 -0.0000000000010015
190 350 -1000.0000000000000000
349 350 -0.0000000000009708
350 350 1000.0000000000000000
351 350 -0.0000000000000308
349 351 -0.0000000000010321
350 351 -0.0000000000000001
351 351 1000.0000000000000000
187 352 -1000.0000000000000000
352 352 1000.0000000000000000
353 352 -0.0000000000010135
354 352 -0.0000000000010135
193 353 -1000.0000000000000000
352 353 0.0000000085883921
353 353 1000.0000000000000000
354 353 -0.0000000085903234
186 354 -1000.0000000000000000
352 354 -0.0000000085904191
353 354 -0.0000000000009178
354 354 1000.0000000085999545
204 355 -1000.0000000000000000
355 355 1000.0000020541999675
356 355 -0.0000010270884559
357 355 -0.0000010270884559
189 356 -1000.0000000000000000
355 356 0.0000012738038546
356 356 1000.0000010275000477
357 356 -0.0000023013444819
188 357 -1000.0000000000000000
355 357 -0.0000033279807665
356 357 -0.0000000004521713
357 357 1000.0000033283999983
193 358 -1000.0000000000000000
358 358 1000.0000000000000000
359 358 -0.0000000000010160
360 358 -0.0000000000010160
191 359 -1000.0000000000000000
358 359 -0.0000000000009939
359 359 1000.0000000000000000
360 359 -0.0000000000000223
190 360 -1000.0000000000000000
358 360 -0.0000000000010381
359 360 -0.0000000000000001
360 360 1000.0000000000000000
193 361 -1000.0000000000000000
361 361 1000.0001088927000410
362 361 -0.0000544463476268
363 361 -0.0000544463476268
192 362 -1000.0000000000000000
361 362 0.0000004906957367
362 362 1000.0000544611999658
363 362 -0.0000549519052373
191 363 -1000.0000000000000000
361 363 -0.0001093833909904
362 363 -0.0000000148618738
363 363 1000.0001093982999691
197 364 -1000.0000000000000000
364 364 1000.0000000172000227
365 364 -0.0000000085847395
366 364 -0.0000000085847395
195 365 -1000.0000000000000000
364 365 -0.0000000171684468
365 365 1000.0000000085999545
366 365 0.0000000085837072
194 366 -1000.0000000000000000
364 366 -0.0000000000010321
365 366 -0.0000000000000001
366 366 1000.0000000000000000
196 367 -1000.0000000000000000
367 367 1000.0000000000000000
368 367 -0.0000000000010762
369 367 -0.0000000000010762
197 368 -1000.0000000000000000
367 368 -0.0000000000011523
368 368 1000.0000000000000000
369 368 0.0000000000000759
195 369 -1000.0000000000000000
367 369 -0.0000000000010002
368 369 -0.0000000000000001
369 369 1000.0000000000000000
197 370 -1000.0000000000000000
370 370 1000.0000000000000000
371 370 -0.0000000000012530
372 370 -0.0000000000012530
198 371 -1000.0000000000000000
370 371 -0.0000000000013994
371 371 1000.0000000000000000
372 371 0.0000000000001463
244 372 -1000.0000000000000000
370 372 -0.0000000000011066
371 372 -0.0000000000000001
372 372 1000.0000000000000000
198 373 -1000.0000000000000000
373 373 1000.0000000000000000
374 373 -0.0000000000010321
375 373 -0.0000000000010321
198 374 -1000.0000000000000000
373 374 -0.0000000000009576
374 374 1000.0000000000000000
375 374 -0.0000000000000746
244 375 -1000.0000000000000000
373 375 -0.0000000000011066
374 375 -0.0000000000000001
375 375 1000.0000000000000000
200 376 -1000.0000000000000000
376 376 1000.0000000000000000
377 376 -0.0000000000010321
378 376 -0.0000000000010321
200 377 -1000.0000000000000000
376 377 -0.0000000000010545
377 377 1000.0000000000000000
378 377 0.0000000000000223
376 378 -0.0000000000010097
377 378 -0.0000000000000001
378 378 1000.0000000000000000
201 379 -1000.0000000000000000
379 379 1000.0000000000000000
380 379 -0.0000000000010011
381 379 -0.0000000000010011
200 380 -1000.0000000000000000
379 380 -0.0000000000009925
380 380 1000.0000000000000000
381 380 -0.0000000000000088
199 381 -1000.0000000000000000
379 381 -0.0000000000010097
380 381 -0.0000000000000001
381 381 1000.0000000000000000
204 382 -1000.0000000000000000
382 382 1000.0000023433999559
383 382 -0.0000011716831238
384 382 -0.0000011716831238
203 383 -1000.0000000000000000
382 383 -0.0000023433652476
383 383 1000.0000011716999779
384 383 0.0000011716821237
202 384 -1000.0000000000000000
382 384 -0.0000000000010000
383 384 -0.0000000000000001
384 384 1000.0000000000000000
205 385 -1.0000000000000000
386 385 1.0000000000000000
388 385 -22553.1914893620014482
385 386 1.0000000000000000
387 386 -24.9020403234809997
386 387 -1.0000000000000000
388 388 1.0000000000000000
389 389 1.0000000000000000
207 390 -1.0000000000000000
391 390 1.0000000000000000
393 390 -22553.1914893620014482
390 391 1.0000000000000000
392 391 -24.9020403234809997
391 392 -1.0000000000000000
393 393 1.0000000000000000
394 394 1.0000000000000000
209 395 1.0000000000000000
210 396 1.0000000000000000
211 397 1.0000000000000000
212 398 1.0000000000000000
233 399 -6.5746219592372999
399 399 6.5746220588185000
400 399 -0.0000000987239706
401 399 -0.0000000008571441
241 400 -0.0516795870302520
399 400 -0.0000000987170629
400 400 0.0516796986187720
401 400 -0.0000000128714569
399 401 -0.0000000008640517
400 401 -0.0000000128645493
401 401 1000.0000000136999461
217 402 -4.0617384240455001
402 402 4.0625153916740997
403 402 -0.0004066371120226
404 402 -0.0003703305166133
245 403 -0.0241807651560940
402 403 -0.0007766794126004
403 403 0.0245874022690110
404 403 0.0003700422996831
402 404 -0.0000002882160355
403 404 -0.0000000000008947
404 404 21.8179313985360004
218 405 -4.0617384240455001
405 405 4.0617384240477996
406 405 -0.0000000000011144
407 405 -0.0000000000011501
246 406 -0.0214366271491350
405 406 -0.0000000000004992
406 406 0.0214366271512370
407 406 -0.0000000000016026
405 407 -0.0000000000017653
406 407 -0.0000000000009875
407 407 21.8179311103220002
234 408 -6.5746219592372999
408 408 6.5746220588269004
409 408 -0.0000000987322630
410 408 -0.0000000008572487
242 409 -0.0516795870302520
408 409 -0.0000000987254621
409 409 0.0516796986270460
410 409 -0.0000000128713313
408 410 -0.0000000008640496
409 410 -0.0000000128645304
410 410 1000.0000000136999461
220 411 -4.0617384240455001
411 411 4.0617384241996000
412 411 -0.0000000001523284
413 411 -0.0000000000017950
235 412 -0.0214366271491350
411 412 -0.0000000001523397
412 412 0.0214366273024510
413 412 -0.0000000000009759
231 413 -21.8179311103190017
411 413 -0.0000000000017837
412 413 -0.0000000000009872
413 413 21.8179311103220002
222 414 -4.0617384240455001
414 414 4.0617384241994996
415 414 -0.0000000001522280
416 414 -0.0000000000017943
236 415 -0.0214366271491350
414 415 -0.0000000001522386
415 415 0.0214366273023510
416 415 -0.0000000000009766
232 416 -21.8179311103190017
414 416 -0.0000000000017837
415 416 -0.0000000000009872
416 416 21.8179311103220002
235 417 -0.4366399421190100
417 417 0.4366399421333300
418 417 -0.0000000000119318
419 417 -0.0000000000023883
220 418 -0.0205066591338360
417 418 -0.0000000000119485
418 418 0.0205066591472130
419 418 -0.0000000000014283
219 419 -5.1608907697469002
417 419 -0.0000000000023716
418 419 -0.0000000000014449
419 419 5.1608907697506998
236 420 -0.4366399421190100
420 420 0.4366399421333200
421 420 -0.0000000000119231
422 420 -0.0000000000023870
222 421 -0.0205066591338360
420 421 -0.0000000000119385
421 421 0.0205066591472040
422 421 -0.0000000000014295
221 422 -5.1608907697469002
420 422 -0.0000000000023716
421 422 -0.0000000000014449
422 422 5.1608907697506998
225 423 -8.8983804947500005
423 423 8.8983804952514003
424 423 -0.0000000004433624
425 423 -0.0000000000581116
224 424 -0.1159145008083800
423 424 -0.0000000004438724
424 424 0.1159145012599800
425 424 -0.0000000000077267
223 425 -31.7901342497370010
423 425 -0.0000000000576015
424 425 -0.0000000000082367
425 425 31.7901342498029997
228 426 -8.8983804947500005
426 426 8.8983804952514003
427 426 -0.0000000004433624
428 426 -0.0000000000581116
227 427 -0.1159145008083800
426 427 -0.0000000004439207
427 427 0.1159145012599800
428 427 -0.0000000000076726
226 428 -31.7901342497370010
426 428 -0.0000000000575533
427 428 -0.0000000000082309
428 428 31.7901342498029997
229 429 -0.0000000699791022
429 429 26.9179004737479985
230 430 -0.0000000699791022
430 430 26.9179004737479985
