415 415 2779
1 1 0.8399679955048058
2 1 -0.2697203483058979
3 1 -0.2893902730207738
4 1 -0.2808573741781341
1 2 -0.2697203483058979
2 2 1.8078216099711517
3 2 -0.9209815501152382
6 2 -0.4378315799358562
7 2 -0.1792881316141593
1 3 -0.2893902730207737
2 3 -0.9209815501152383
3 3 3.6161543270632652
4 3 -0.8268342379683761
5 3 -0.5773144802729848
6 3 -0.4565030867454665
8 3 -0.5451306989404263
1 4 -0.2808573741781341
3 4 -0.8268342379683761
4 4 1.7784838569984869
8 4 -0.4462467040967373
9 4 -0.2245455407552395
3 5 -0.5773144802729847
5 5 3.6679794914263177
6 5 -0.8995473291002849
8 5 -0.8367988257368221
50 5 -0.6281857091234594
51 5 -0.7261331471927667
2 6 -0.4378315799358562
3 6 -0.4565030867454665
5 6 -0.8995473291002849
6 6 3.6393295210122156
7 6 -0.9338050093846417
50 6 -0.5604453231405624
54 6 -0.3511971927054035
2 7 -0.1792881316141593
6 7 -0.9338050093846417
7 7 1.8032064108746004
53 7 -0.2248943591924693
54 7 -0.4652189106833303
3 8 -0.5451306989404264
4 8 -0.4462467040967374
5 8 -0.8367988257368221
8 8 3.5670089852011104
9 8 -0.7710606780594600
51 8 -0.4533819153328091
52 8 -0.5143901630348559
4 9 -0.2245455407552395
8 9 -0.7710606780594600
9 9 1.7599792629156887
52 9 -0.4521192011955552
88 9 -0.3122538429054342
10 10 0.8822095112375904
11 10 -0.7126430155502905
12 10 -0.0315620652956044
14 10 -0.1380044303916954
10 11 -0.7126430155502905
11 11 3.7818922040326002
12 11 -0.9224628956554746
13 11 -0.5279263417013713
14 11 -0.7336438307112320
15 11 -0.8852161204142319
10 12 -0.0315620652956044
11 12 -0.9224628956554746
12 12 2.0727126334936896
13 12 -1.0822402082310842
19 12 -0.0364474643115265
11 13 -0.5279263417013713
12 13 -1.0822402082310840
13 13 3.8114919379305015
15 13 -0.7184887844971752
18 13 -0.9453399922717496
19 13 -0.5374966112291204
10 14 -0.1380044303916954
11 14 -0.7336438307112320
14 14 1.7181114068029353
15 14 -0.1881099972799602
16 14 -0.4793590946576484
17 14 -0.1789940537623992
11 15 -0.8852161204142319
13 15 -0.7184887844971752
14 15 -0.1881099972799602
15 15 3.7605703242602422
16 15 -1.0708854140069979
18 15 -0.4524355727338468
20 15 -0.4454344353280301
14 16 -0.4793590946576484
15 16 -1.0708854140069979
16 16 3.7530232185786994
17 16 -0.9213100380098679
20 16 -0.5646312126756758
22 16 -0.7168374592285091
14 17 -0.1789940537623992
16 17 -0.9213100380098679
17 17 1.8158636056089608
22 17 -0.4077117797678309
58 17 -0.3078477340688629
13 18 -0.9453399922717497
15 18 -0.4524355727338468
18 18 3.6365752918242240
19 18 -0.4175621625309861
20 18 -0.4568313517705964
21 18 -0.8247015683334395
48 18 -0.5397046441836060
12 19 -0.0364474643115265
13 19 -0.5374966112291204
18 19 -0.4175621625309862
19 19 1.6869428451374759
48 19 -0.4780368333664296
49 19 -0.2173997736994137
15 20 -0.4454344353280301
16 20 -0.5646312126756758
18 20 -0.4568313517705964
20 20 3.4204386174899151
21 20 -0.6133543837060402
22 20 -0.3716938083220124
62 20 -0.6487064051185745
75 20 -0.3197870205689859
18 21 -0.8247015683334395
20 21 -0.6133543837060402
21 21 3.6584859003018328
48 21 -0.7141788582724696
75 21 -0.8485577009067298
76 21 -0.6576933890831539
16 22 -0.7168374592285092
17 22 -0.4077117797678310
20 22 -0.3716938083220124
22 22 3.6244594874830565
23 22 -1.0037077281620412
58 22 -0.5039495382302861
62 22 -0.3109525480829305
92 22 -0.3096066256894454
22 23 -1.0037077281620412
23 23 4.0351613169352527
62 23 -1.0154908495006201
92 23 -1.0141333411884899
93 23 -1.0018293980841015
24 24 0.8499032174449739
25 24 -0.2914238199978512
26 24 -0.3090108373932954
27 24 -0.2494685600538272
24 25 -0.2914238199978512
25 25 1.8174967144118337
27 25 -0.8702323836371870
28 25 -0.5475901370532849
29 25 -0.1082503737235100
24 26 -0.3090108373932954
26 26 1.7814921863206863
27 26 -0.8354188350469302
31 26 -0.3728608075793108
32 26 -0.2642017063011498
24 27 -0.2494685600538272
25 27 -0.8702323836371871
26 27 -0.8354188350469300
27 27 3.6355004166217197
28 27 -0.6979528612226776
30 27 -0.3203160161762548
31 27 -0.6621117604848430
25 28 -0.5475901370532847
27 28 -0.6979528612226776
28 28 3.8023879839700681
29 28 -1.0873013838632279
30 28 -1.0302838859672094
66 28 -0.4392597158636676
25 29 -0.1082503737235100
28 29 -1.0873013838632282
29 29 1.8969589080389389
47 29 -0.3535345861483666
66 29 -0.3478725643038343
27 30 -0.3203160161762548
28 30 -1.0302838859672097
30 30 3.6425296953294146
31 30 -0.6577053710576929
64 30 -0.5594159525809792
65 30 -0.7428708372205786
66 30 -0.3319376323266998
26 31 -0.3728608075793108
27 31 -0.6621117604848430
30 31 -0.6577053710576929
31 31 3.5217295808794602
32 31 -0.8123962793268941
64 31 -0.5289305552236701
68 31 -0.4877248072070490
26 32 -0.2642017063011498
31 32 -0.8123962793268941
32 32 1.7677013249144373
68 32 -0.4041902569878575
70 32 -0.2869130822985357
33 33 0.8504869738227279
34 33 -0.2932406390471057
35 33 -0.3099784155930094
36 33 -0.2472679191826128
33 34 -0.2932406390471057
34 34 1.8159155868177326
36 34 -0.8667385518634022
37 34 -0.5452291509407380
38 34 -0.1107072449664868
33 35 -0.3099784155930094
35 35 1.7838091146971993
36 35 -0.8422091650531025
40 35 -0.3656527609866818
41 35 -0.2659687730644054
33 36 -0.2472679191826128
34 36 -0.8667385518634022
35 36 -0.8422091650531025
36 36 3.6363065659416267
37 36 -0.7020037047373042
39 36 -0.3217915910523661
40 36 -0.6562956340528392
34 37 -0.5452291509407380
36 37 -0.7020037047373042
37 37 3.8005428847061822
38 37 -1.0859090881518496
39 37 -1.0254145366434835
77 37 -0.4419864042328069
34 38 -0.1107072449664868
37 38 -1.0859090881518496
38 38 1.8972658691739199
77 38 -0.3433317320506030
78 38 -0.3573178040049806
36 39 -0.3217915910523660
37 39 -1.0254145366434835
39 39 3.6425157765151348
40 39 -0.6627611322525694
44 39 -0.5487742858632472
45 39 -0.7523846523853389
77 39 -0.3313895783181300
35 40 -0.3656527609866818
36 40 -0.6562956340528391
39 40 -0.6627611322525694
40 40 3.5300329499722243
41 40 -0.8354039087573228
43 40 -0.4683553560545600
44 40 -0.5415641578682515
35 41 -0.2659687730644055
40 41 -0.8354039087573228
41 41 1.7760925038429880
42 41 -0.2934856540689855
43 41 -0.3812341679522743
41 42 -0.2934856540689855
42 42 1.8002755557557881
43 42 -0.6202613635810283
59 42 -0.8007325639592723
61 42 -0.0857959741465020
40 43 -0.4683553560545600
41 43 -0.3812341679522743
42 43 -0.6202613635810283
43 43 3.4350841112944224
44 43 -0.5363617434470287
46 43 -0.6156611011991486
59 43 -0.5501315435888428
60 43 -0.2630788354715397
39 44 -0.5487742858632473
40 44 -0.5415641578682515
43 44 -0.5363617434470287
44 44 3.5721138929875642
45 44 -0.8091843013053044
46 44 -0.8343673079467470
94 44 -0.3018620965569855
39 45 -0.7523846523853389
44 45 -0.8091843013053044
45 45 3.6798672176300937
77 45 -0.6431285676934588
94 45 -0.5896467965311950
95 45 -0.8855228997147966
43 46 -0.6156611011991486
44 46 -0.8343673079467470
46 46 3.6559462931053250
60 46 -0.8269445704717476
94 46 -0.6860190077707314
107 46 -0.6929543057169499
29 47 -0.3535345861483666
47 47 1.8257981344437202
66 47 -0.4259976924037944
67 47 -0.9205936382146253
98 47 -0.1256722176769340
18 48 -0.5397046441836060
19 48 -0.4780368333664296
21 48 -0.7141788582724696
48 48 3.5416588307625450
49 48 -0.7854112408501723
76 48 -0.5829569756006607
80 48 -0.4413702784892068
19 49 -0.2173997736994137
48 49 -0.7854112408501723
49 49 1.7585398451774790
80 49 -0.5278495077513656
82 49 -0.2278793228765273
5 50 -0.6281857091234594
6 50 -0.5604453231405624
50 50 3.5156444532829352
51 50 -0.5847591459353079
54 50 -0.5522718030583549
56 50 -0.6651489447740885
57 50 -0.5248335272511631
5 51 -0.7261331471927668
8 51 -0.4533819153328091
50 51 -0.5847591459353079
51 51 3.5184542806266803
52 51 -0.6165525681443994
57 51 -0.4987757259889281
87 51 -0.6388517780324694
8 52 -0.5143901630348557
9 52 -0.4521192011955552
51 52 -0.6165525681443993
52 52 3.4809113408943961
85 52 -0.7738280125225799
86 52 -0.4321839985698697
87 52 -0.3166484967227157
88 52 -0.3751889007044206
7 53 -0.2248943591924693
53 53 1.8590287121639861
54 53 -0.6506582170408924
55 53 -0.9511748526763103
63 53 -0.0323012832543140
6 54 -0.3511971927054034
7 54 -0.4652189106833302
50 54 -0.5522718030583549
53 54 -0.6506582170408924
54 54 3.4549524217589656
55 54 -0.4827125947484866
56 54 -0.7055712502975572
73 54 -0.2473224532249409
53 55 -0.9511748526763104
54 55 -0.4827125947484866
55 55 3.7411718789740980
63 55 -0.7023921428929014
73 55 -0.9973066626530949
74 55 -0.6075856260033046
50 56 -0.6651489447740885
54 56 -0.7055712502975571
56 56 3.6651530744696403
57 56 -0.8544931845909689
73 56 -0.8235169299788557
158 56 -0.6164227648281707
50 57 -0.5248335272511629
51 57 -0.4987757259889281
56 57 -0.8544931845909687
57 57 3.5518003278089485
87 57 -0.6144597722643849
157 57 -0.6997260844166407
158 57 -0.3595120332968625
17 58 -0.3078477340688629
22 58 -0.5039495382302861
58 58 1.7359583205705560
92 58 -0.5965236753630608
247 58 -0.3276373729083460
42 59 -0.8007325639592722
43 59 -0.5501315435888428
59 59 3.7038330488865641
60 59 -0.9987198791367097
61 59 -0.8194131745800269
160 59 -0.5348358876217127
43 60 -0.2630788354715397
46 60 -0.8269445704717476
59 60 -0.9987198791367098
60 60 3.6352217154151907
107 60 -0.5125836067783448
160 60 -0.3823350534321321
161 60 -0.6515597701247168
42 61 -0.0857959741465021
59 61 -0.8194131745800269
61 61 1.8036393234015462
160 61 -0.6178530597133011
376 61 -0.2805771149617162
20 62 -0.6487064051185745
22 62 -0.3109525480829305
23 62 -1.0154908495006201
62 62 3.7181054169459884
75 62 -0.7202863228437063
93 62 -0.5899714844610764
146 62 -0.4326978069390812
53 63 -0.0323012832543139
55 63 -0.7023921428929014
63 63 1.8661834708982328
74 63 -0.8977745852220164
113 63 -0.2337154595290010
30 64 -0.5594159525809792
31 64 -0.5289305552236701
64 64 3.5872310288820679
65 64 -0.8188598728771733
68 64 -0.5324672637925522
69 64 -0.8688679848235826
99 64 -0.2786893995841105
30 65 -0.7428708372205787
64 65 -0.8188598728771733
65 65 3.6807658377087553
66 65 -0.6480425008255916
99 65 -0.5878876927878538
100 65 -0.8831049339975574
28 66 -0.4392597158636676
29 66 -0.3478725643038344
30 66 -0.3319376323266998
47 66 -0.4259976924037944
65 66 -0.6480425008255916
66 66 3.3780461964824360
67 66 -0.5867360751055626
100 66 -0.3104629553065089
101 66 -0.2877370603467767
47 67 -0.9205936382146255
66 67 -0.5867360751055627
67 67 3.7133607386453957
98 67 -0.6118431257504380
101 67 -0.8534037760801906
102 67 -0.7407841234945790
31 68 -0.4877248072070490
32 68 -0.4041902569878575
64 68 -0.5324672637925522
68 68 3.4274987885415764
69 68 -0.5662470630064085
70 68 -0.5501162924838103
71 68 -0.5955187965443073
72 68 -0.2912343085195913
64 69 -0.8688679848235825
68 69 -0.5662470630064085
69 69 3.6763319945446375
72 69 -0.8931047006485012
99 69 -0.6852317963101558
149 69 -0.6628804497559890
32 70 -0.2869130822985357
68 70 -0.5501162924838103
70 70 1.8239051836866020
71 70 -0.8909227672004560
326 70 -0.0959530417038000
68 71 -0.5955187965443074
70 71 -0.8909227672004560
71 71 3.6860828105826648
72 71 -0.8082916586294284
180 71 -0.7697870477184401
326 71 -0.6215625404900325
68 72 -0.2912343085195913
69 72 -0.8931047006485012
71 72 -0.8082916586294283
72 72 3.5855925452300874
149 72 -0.4971199437650624
180 72 -0.5666489801318645
181 72 -0.5291929535356398
54 73 -0.2473224532249409
55 73 -0.9973066626530949
56 73 -0.8235169299788557
73 73 3.6648788359215239
74 73 -0.4530837214506544
158 73 -0.5806408317641457
159 73 -0.5630082368498328
55 74 -0.6075856260033046
63 74 -0.8977745852220165
73 74 -0.4530837214506545
74 74 3.7005843940092165
113 74 -0.2019409959249263
114 74 -1.0098484654861841
159 74 -0.5303509999221308
20 75 -0.3197870205689859
21 75 -0.8485577009067297
62 75 -0.7202863228437063
75 75 3.5805720514069304
76 75 -0.5855091409317420
145 75 -0.4762138857703988
146 75 -0.6302179803853674
21 76 -0.6576933890831538
48 76 -0.5829569756006606
75 76 -0.5855091409317420
76 76 3.5750392917713629
80 76 -0.4382880284396172
81 76 -0.8609046884131372
145 76 -0.4496870693030516
37 77 -0.4419864042328069
38 77 -0.3433317320506030
39 77 -0.3313895783181300
45 77 -0.6431285676934589
77 77 3.3789271661272138
78 77 -0.4292117903964507
79 77 -0.5933379102393086
95 77 -0.3239785200329321
97 77 -0.2725626631635236
38 78 -0.3573178040049806
77 78 -0.4292117903964509
78 78 1.8179222123416665
79 78 -0.8990322500586733
285 78 -0.1323603678815620
77 79 -0.5933379102393086
78 79 -0.8990322500586733
79 79 3.7027948610434316
97 79 -0.8597588065277062
278 79 -0.7142189283084630
285 79 -0.6364469659092802
48 80 -0.4413702784892069
49 80 -0.5278495077513656
76 80 -0.4382880284396172
80 80 3.4189125939189635
81 80 -0.6392331728727902
82 80 -0.5091333202953509
83 80 -0.4663811538737357
84 80 -0.3966571321968975
76 81 -0.8609046884131372
80 81 -0.6392331728727902
81 81 3.6796871500661750
84 81 -0.7512425066741257
144 81 -0.7989637028777088
145 81 -0.6293430792284128
49 82 -0.2278793228765273
80 82 -0.5091333202953509
82 82 1.9035625581551139
83 82 -1.0944182822103967
110 82 -0.0721316327728391
80 83 -0.4663811538737356
82 83 -1.0944182822103967
83 83 3.8115145358759972
84 83 -0.8709519458513887
109 83 -0.8860864891553698
110 83 -0.4936766647851066
80 84 -0.3966571321968975
81 84 -0.7512425066741257
83 84 -0.8709519458513886
84 84 3.5855554174262627
109 84 -0.3370929566415244
111 84 -0.7705741071059158
144 84 -0.4590367689564108
52 85 -0.7738280125225799
85 85 3.8638128577678721
86 85 -0.9560238076111504
88 85 -0.5838644962444417
89 85 -1.1722399352057473
90 85 -0.3778566061839527
52 86 -0.4321839985698697
85 86 -0.9560238076111504
86 86 3.8526444504478263
87 86 -1.1029158560440793
90 86 -0.8495111138217250
184 86 -0.5120096744010019
51 87 -0.6388517780324694
52 87 -0.3166484967227157
57 87 -0.6144597722643849
86 87 -1.1029158560440795
87 87 3.6557407761677707
157 87 -0.6551612916475854
184 87 -0.3277035814565356
9 88 -0.3122538429054342
52 88 -0.3751889007044206
85 88 -0.5838644962444417
88 88 1.7143609024262427
89 88 -0.3572456380422446
91 88 -0.0858080245297013
85 89 -1.1722399352057473
88 89 -0.3572456380422446
89 89 3.9749184956041139
90 89 -0.7354017843475139
91 89 -1.2319056782762536
165 89 -0.4781254597323546
85 90 -0.3778566061839527
86 90 -0.8495111138217251
89 90 -0.7354017843475139
90 90 3.6147104809380877
165 90 -0.4745801987161988
183 90 -0.7553637880531883
184 90 -0.4219969898155090
88 91 -0.0858080245297013
89 91 -1.2319056782762534
91 91 1.9636950215702720
165 91 -0.4528509828526670
166 91 -0.1931303359116502
22 92 -0.3096066256894455
23 92 -1.0141333411884899
58 92 -0.5965236753630608
92 92 3.6894417294810413
93 92 -0.2435097469391138
247 92 -0.2975197565800479
257 92 -0.8775909944531218
258 92 -0.3505575892677616
23 93 -1.0018293980841015
62 93 -0.5899714844610764
92 93 -0.2435097469391138
93 93 3.7077304139133656
146 93 -0.4717979799458094
255 93 -0.6362605207186055
258 93 -0.7643612837646594
44 94 -0.3018620965569856
45 94 -0.5896467965311949
46 94 -0.6860190077707314
94 94 3.4283551914025998
95 94 -0.3984627471234035
96 94 -0.6364497949725099
107 94 -0.4395592296780457
108 94 -0.3763555187697282
45 95 -0.8855228997147966
77 95 -0.3239785200329321
94 95 -0.3984627471234035
95 95 3.6613423681328410
96 95 -0.8270480827379809
97 95 -0.8987860322005718
163 95 -0.3275440863231562
94 96 -0.6364497949725099
95 96 -0.8270480827379809
96 96 3.6516215063836124
108 96 -0.7854290045488350
163 96 -0.6678641672590500
164 96 -0.7348304568652365
77 97 -0.2725626631635236
79 97 -0.8597588065277062
95 97 -0.8987860322005718
97 97 3.6249403139411247
163 97 -0.4956391162194641
278 97 -0.5992927124721966
282 97 -0.4989009833576626
47 98 -0.1256722176769340
67 98 -0.6118431257504380
98 98 1.6986082593758645
102 98 -0.3901654654934453
103 98 -0.5088392764521418
105 98 -0.0620881740029056
64 99 -0.2786893995841105
65 99 -0.5878876927878539
69 99 -0.6852317963101556
99 99 3.4347991655855150
100 99 -0.4241190548482822
149 99 -0.4851716407488806
150 99 -0.6310025890985189
152 99 -0.3426969922077132
65 100 -0.8831049339975575
66 100 -0.3104629553065089
99 100 -0.4241190548482822
100 100 3.6432492887770001
101 100 -0.9051569410865169
150 100 -0.7736615664983498
151 100 -0.3467438370397848
66 101 -0.2877370603467767
67 101 -0.8534037760801906
100 101 -0.9051569410865169
101 101 3.6269891775248517
102 101 -0.5701886771475051
106 101 -0.5518430213821058
151 101 -0.4586597014817566
67 102 -0.7407841234945790
98 102 -0.3901654654934453
101 102 -0.5701886771475051
102 102 3.5778226543513765
103 102 -0.8239015509329890
104 102 -0.5186727768102947
106 102 -0.5341100604725635
98 103 -0.5088392764521419
102 103 -0.8239015509329889
103 103 3.9044449265971610
104 103 -1.0368975385271781
105 103 -1.1529744935186836
173 103 -0.3818320671661686
102 104 -0.5186727768102947
103 104 -1.0368975385271784
104 104 3.7341062761051527
106 104 -0.7995794231895894
172 104 -0.8077700852665428
173 104 -0.5711864523115476
98 105 -0.0620881740029056
103 105 -1.1529744935186834
105 105 1.9344616251333335
173 105 -0.4956031389512924
415 105 -0.2237958186604523
101 106 -0.5518430213821059
102 106 -0.5341100604725635
104 106 -0.7995794231895894
106 106 3.5426862960081684
151 106 -0.5909642490561867
171 106 -0.6792827466096863
172 106 -0.3869067952980365
46 107 -0.6929543057169500
60 107 -0.5125836067783448
94 107 -0.4395592296780457
107 107 3.5189462935528901
108 107 -0.7473725505171539
161 107 -0.6695401976009653
200 107 -0.4569364032614308
94 108 -0.3763555187697283
96 108 -0.7854290045488350
107 108 -0.7473725505171538
108 108 3.5356625685755194
164 108 -0.5074517462381919
199 108 -0.6053271146802768
200 108 -0.5137266338213334
83 109 -0.8860864891553698
84 109 -0.3370929566415243
109 109 3.5963455850418709
110 109 -0.3949494676667211
111 109 -0.7491152449961286
112 109 -0.7580651914692105
147 109 -0.4710362351129170
82 110 -0.0721316327728391
83 110 -0.4936766647851067
109 110 -0.3949494676667211
110 110 1.7126889956798470
112 110 -0.6589468344250891
153 110 -0.0929843960300911
84 111 -0.7705741071059158
109 111 -0.7491152449961286
111 111 3.6478690031839189
144 111 -0.6531892093535060
147 111 -0.6653223568916057
148 111 -0.8096680848367629
109 112 -0.7580651914692104
110 112 -0.6589468344250891
112 112 3.6800204819378628
147 112 -0.7832237627399405
153 112 -0.8328197802946959
214 112 -0.6469649130089271
63 113 -0.2337154595290010
74 113 -0.2019409959249263
113 113 1.7288414220218986
114 113 -0.5139060767697863
115 113 -0.6737611398382076
323 113 -0.1055177499599776
74 114 -1.0098484654861841
113 114 -0.5139060767697863
114 114 3.7753023413191658
115 114 -0.9124562539055602
159 114 -0.5675381944220591
314 114 -0.7715533507355762
113 115 -0.6737611398382076
114 115 -0.9124562539055601
115 115 3.7027665195640926
314 115 -0.5678993280787993
317 115 -0.8578521652813165
323 115 -0.6907976324602085
116 116 1.8623593665360678
117 116 -0.9393017668834022
118 116 -0.1043765653170026
124 116 -0.6624937606725693
260 116 -0.1561872736630938
116 117 -0.9393017668834019
117 117 3.6950840211361804
118 117 -0.5782195142534141
120 117 -0.8493200070244202
122 117 -0.7269657628693728
124 117 -0.6012769701055707
116 118 -0.1043765653170026
117 118 -0.5782195142534141
118 118 1.8541036553262642
119 118 -1.0202530892212480
120 118 -0.1373052337063038
394 118 -0.0139492528282954
118 119 -1.0202530892212480
119 119 4.0115941881472468
120 119 -0.9844393706614066
394 119 -0.9871104444202368
402 119 -1.0197912838443557
117 120 -0.8493200070244202
118 120 -0.1373052337063038
119 120 -0.9844393706614065
120 120 3.7633318116511503
121 120 -0.9350109436365746
122 120 -0.1427966178367678
175 120 -0.3640158901363467
402 120 -0.3504437486493308
120 121 -0.9350109436365746
121 121 4.0180329292597943
122 121 -1.0785939207547728
174 121 -0.9364028292220002
175 121 -1.0680252356464477
117 122 -0.7269657628693728
120 122 -0.1427966178367678
121 122 -1.0785939207547728
122 122 3.8650230331737458
123 122 -1.1799483422746695
124 122 -0.4792523523562444
125 122 -0.2187513970352647
174 122 -0.0387146400466535
122 123 -1.1799483422746695
123 123 4.0782039197450830
125 123 -0.8327700667028681
143 123 -1.2165582251944274
174 123 -0.8489272855731188
116 124 -0.6624937606725693
117 124 -0.6012769701055707
122 124 -0.4792523523562444
124 124 3.5055808309849592
125 124 -0.6626920138010872
256 124 -0.6069267848041088
260 124 -0.4929389492453789
122 125 -0.2187513970352647
123 125 -0.8327700667028681
124 125 -0.6626920138010872
125 125 3.5747595597112669
143 125 -0.4658834142939921
250 125 -0.7378991041655127
252 125 -0.3399308781532186
256 125 -0.3168326855593228
126 126 2.0560450138945421
127 126 -1.0462339449807936
128 126 0.0960766102378601
132 126 -0.7908127857843310
156 126 -0.3150748933672776
126 127 -1.0462339449807936
127 127 4.0751540562855704
128 127 -0.9975485685166822
131 127 -1.0413141126774936
132 127 -0.9900574301106015
126 128 0.0960766102378601
127 128 -0.9975485685166822
128 128 1.8689755402193180
129 128 -0.6475298258332522
130 128 -0.0931310197702706
131 128 -0.2268427363369729
128 129 -0.6475298258332524
129 129 3.7256210658946438
130 129 -0.9849977595595006
131 129 -0.6608491130241477
134 129 -0.9640969346141135
135 129 -0.4681474328636301
128 130 -0.0931310197702706
129 130 -0.9849977595595005
130 130 1.8453532402649486
135 130 -0.5672936132892974
273 130 -0.1999308476458800
127 131 -1.0413141126774936
128 131 -0.2268427363369729
129 131 -0.6608491130241477
131 131 3.6972482290408557
132 131 -0.3193023249144852
133 131 -0.8605161403368505
134 131 -0.2486935634844727
207 131 -0.3397302382664328
126 132 -0.7908127857843311
127 132 -0.9900574301106014
131 132 -0.3193023249144852
132 132 3.8386165444142879
156 132 -0.3058904020678054
207 132 -0.5666758728006890
219 132 -0.8658777287363758
131 133 -0.8605161403368505
133 133 3.8133561371418954
134 133 -0.7830305637650246
206 133 -1.1784697031779892
207 133 -0.4976337431522908
209 133 -0.4937059867097408
129 134 -0.9640969346141136
131 134 -0.2486935634844728
133 134 -0.7830305637650246
134 134 3.6160782745283941
135 134 -0.4684924846957164
209 134 -0.6074660428857259
277 134 -0.5442986850833414
129 135 -0.4681474328636301
130 135 -0.5672936132892974
134 135 -0.4684924846957164
135 135 3.4441559086448810
273 135 -0.4577963728974542
275 135 -0.6756771738668126
277 135 -0.4398647580784757
283 135 -0.3668840729534941
136 136 1.8185059922397342
137 136 -0.6699182039732229
138 136 -0.7685694928150459
312 136 -0.1752769655309306
354 136 -0.2047413299205349
136 137 -0.6699182039732229
137 137 3.7633588197443739
138 137 -0.9806401952952301
140 137 -0.5093774731595291
312 137 -0.6698213534091383
315 137 -0.9336015939072531
136 138 -0.7685694928150459
137 138 -0.9806401952952302
138 138 3.8086920066312651
140 138 -0.4739841455710754
354 138 -0.5905964731936945
360 138 -0.9949016997562190
139 139 4.1016698661189350
140 139 -1.0156542716903325
141 139 -1.0411180302325813
154 139 -1.0087410165887947
315 139 -1.0361565476072276
137 140 -0.5093774731595291
138 140 -0.4739841455710754
139 140 -1.0156542716903325
140 140 3.5622300244712957
141 140 -0.1278826630941931
142 140 -0.4475366976340875
315 140 -0.1420956668194324
360 140 -0.3207325754494596
366 140 -0.5249665310531855
139 141 -1.0411180302325815
140 141 -0.1278826630941931
141 141 3.9862566129801742
142 141 -1.2645925512502223
154 141 -0.4727356709224935
155 141 -0.8485704803453564
261 141 -0.2313572171353284
140 142 -0.4475366976340875
141 142 -1.2645925512502223
142 142 3.8782968647192919
261 142 -0.4291962479142571
361 142 -0.9140500568812013
366 142 -0.8229213110395240
123 143 -1.2165582251944274
125 143 -0.4658834142939922
143 143 3.8049684232075833
174 143 -0.2369776045308930
179 143 -0.6579876888985122
252 143 -0.4394969727773952
254 143 -0.7880645175123636
81 144 -0.7989637028777088
84 144 -0.4590367689564108
111 144 -0.6531892093535060
144 144 3.5945064172525134
145 144 -0.4682252703792106
148 144 -0.5537791822377931
196 144 -0.6613122834478837
75 145 -0.4762138857703988
76 145 -0.4496870693030516
81 145 -0.6293430792284128
144 145 -0.4682252703792106
145 145 3.4535996645310041
146 145 -0.3872496867811617
195 145 -0.7121162271527524
196 145 -0.3307644459160160
62 146 -0.4326978069390812
75 146 -0.6302179803853672
93 146 -0.4717979799458094
145 146 -0.3872496867811617
146 146 3.4275643398403663
195 146 -0.4459163613974795
197 146 -0.6507784581692138
255 146 -0.4089060662222533
109 147 -0.4710362351129169
111 147 -0.6653223568916057
112 147 -0.7832237627399405
147 147 3.5829527046290188
148 147 -0.5199084688898373
214 147 -0.4582021394194637
215 147 -0.6852597415752553
111 148 -0.8096680848367630
144 148 -0.5537791822377931
147 148 -0.5199084688898374
148 148 3.6047396802775240
196 148 -0.4273266163233101
213 148 -0.8471119876232804
215 148 -0.4469453403665400
69 149 -0.6628804497559891
72 149 -0.4971199437650624
99 149 -0.4851716407488806
149 149 3.5249938134128933
152 149 -0.7215212510729505
181 149 -0.7138646035139583
222 149 -0.4444359245560519
99 150 -0.6310025890985189
100 150 -0.7736615664983498
150 150 3.6494960324150192
151 150 -0.7563390615004937
152 150 -0.8487463599508920
168 150 -0.6397464553667644
100 151 -0.3467438370397848
101 151 -0.4586597014817567
106 151 -0.5909642490561867
150 151 -0.7563390615004938
151 151 3.4464881321852179
168 151 -0.2864213188299883
170 151 -0.6274783508813652
171 151 -0.3798816133956425
99 152 -0.3426969922077132
149 152 -0.7215212510729505
150 152 -0.8487463599508921
152 152 3.5442379294790642
168 152 -0.4928106006167379
222 152 -0.5675205242457427
223 152 -0.5709422013850278
110 153 -0.0929843960300911
112 153 -0.8328197802946959
153 153 1.8151396766120926
214 153 -0.5619584375009028
382 153 -0.3273770627864029
139 154 -1.0087410165887947
141 154 -0.4727356709224935
154 154 3.6793302172879887
155 154 -0.6154717388077372
208 154 -0.4851490086102936
315 154 -0.2919831364285924
322 154 -0.8052496459300768
141 155 -0.8485704803453562
154 155 -0.6154717388077372
155 155 3.7244681328497729
208 155 -0.8195107852462057
221 155 -0.7294500397420131
261 155 -0.7114650887084599
126 156 -0.3150748933672776
132 156 -0.3058904020678054
156 156 1.7090679963826831
219 156 -0.2888959665546200
336 156 -0.5768876606458250
341 156 -0.2223190737471551
57 157 -0.6997260844166407
87 157 -0.6551612916475855
157 157 3.5866614392458134
158 157 -0.4483694263066588
184 157 -0.3537141102017813
185 157 -0.8764822165315820
186 157 -0.5532083101415654
56 158 -0.6164227648281707
57 158 -0.3595120332968625
73 158 -0.5806408317641458
157 158 -0.4483694263066588
158 158 3.4381951773899102
159 158 -0.3065085837354253
186 158 -0.5423880045745058
187 158 -0.5843535328841414
73 159 -0.5630082368498327
74 159 -0.5303509999221309
114 159 -0.5675381944220591
158 159 -0.3065085837354253
159 159 3.4452248696571104
187 159 -0.5858467567659595
314 159 -0.2674517559855064
319 159 -0.6245203419761969
59 160 -0.5348358876217127
60 160 -0.3823350534321321
61 160 -0.6178530597133011
160 160 3.4698226320071637
161 160 -0.3916171838505211
162 160 -0.7601494840026047
368 160 -0.4188394545363071
376 160 -0.3641925088505845
60 161 -0.6515597701247169
107 161 -0.6695401976009652
160 161 -0.3916171838505211
161 161 3.5649702087272988
162 161 -0.7763553250990355
200 161 -0.4553899461494954
201 161 -0.6205077859025646
160 162 -0.7601494840026047
161 162 -0.7763553250990355
162 162 3.7021375131029579
201 162 -0.6228707377620354
368 162 -0.6402768630395782
375 162 -0.9024851031997035
95 163 -0.3275440863231563
96 163 -0.6678641672590500
97 163 -0.4956391162194641
163 163 3.4074986831792735
164 163 -0.4453901561840648
194 163 -0.4715267566544815
274 163 -0.4141500406908751
282 163 -0.5853843598481822
96 164 -0.7348304568652365
108 164 -0.5074517462381917
163 164 -0.4453901561840647
164 164 3.5031992870278512
194 164 -0.6754105260688026
198 164 -0.5512570568284549
199 164 -0.5888593448431002
89 165 -0.4781254597323546
90 165 -0.4745801987161988
91 165 -0.4528509828526670
165 165 3.4018864737657362
166 165 -0.5757762388816871
167 165 -0.4185026130735634
182 165 -0.4636984396594537
183 165 -0.5383525408498120
91 166 -0.1931303359116502
165 166 -0.5757762388816871
166 166 1.8620098273063954
167 166 -1.0133179294984540
188 166 -0.0797853230146040
165 167 -0.4185026130735633
166 167 -1.0133179294984540
167 167 3.7655187794815572
182 167 -1.0393868506586978
188 167 -0.6559426224384247
202 167 -0.6383687638124180
150 168 -0.6397464553667647
151 168 -0.2864213188299883
152 168 -0.4928106006167378
168 168 3.6792806179272621
169 168 -1.0877571663625620
170 168 -0.7915593478982529
205 168 -0.1227100074283723
223 168 -0.2582757214245839
168 169 -1.0877571663625618
169 169 4.0431823857752915
205 169 -0.9137059028853488
223 169 -0.9222916270615068
224 169 -1.1194276894658732
151 170 -0.6274783508813652
168 170 -0.7915593478982529
170 170 3.6605256103259469
171 170 -0.8617356887611827
204 170 -0.6495258514740840
205 170 -0.7302263713110625
106 171 -0.6792827466096862
151 171 -0.3798816133956426
170 171 -0.8617356887611826
171 171 3.5357480672779316
172 171 -0.5849464451916492
203 171 -0.5935054925102272
204 171 -0.4363960808095446
104 172 -0.8077700852665428
106 172 -0.3869067952980365
171 172 -0.5849464451916492
172 172 3.5875957020392240
173 172 -0.5914346182490873
203 172 -0.7725214856673281
398 172 -0.4440162723665795
103 173 -0.3818320671661686
104 173 -0.5711864523115475
105 173 -0.4956031389512924
172 173 -0.5914346182490873
173 173 3.4678660627544637
398 173 -0.3324285619063131
406 173 -0.6225355261943492
415 173 -0.4728456979757050
121 174 -0.9364028292220002
122 174 -0.0387146400466535
123 174 -0.8489272855731188
143 174 -0.2369776045308929
174 174 3.5947477663862073
175 174 -0.1668862346414991
176 174 -0.4846155793252266
178 174 -0.4608814857944056
179 174 -0.4213421072524106
120 175 -0.3640158901363468
121 175 -1.0680252356464477
174 175 -0.1668862346414992
175 175 3.6253450929093232
176 175 -0.5637220130406974
402 175 -0.3864828785239008
403 175 -0.4881348406267628
409 175 -0.5880780002936691
174 176 -0.4846155793252265
175 176 -0.5637220130406972
176 176 3.8457361085775497
177 176 -1.1657519586043488
178 176 -0.5797799551264782
395 176 -0.1464904081350027
403 176 -0.9053761943457963
176 177 -1.1657519586043488
177 177 4.0961145052534995
178 177 -0.8547953170883140
236 177 -1.1579830879301032
395 177 -0.9175841416307340
174 178 -0.4608814857944056
176 178 -0.5797799551264782
177 178 -0.8547953170883140
178 178 3.6404439059944509
179 178 -0.7580783000150572
236 178 -0.4273458120675198
237 178 -0.5595630359026764
143 179 -0.6579876888985121
174 179 -0.4213421072524106
178 179 -0.7580783000150574
179 179 3.5277451327764546
237 179 -0.5324751243014354
251 179 -0.4985242046259730
254 179 -0.6593377076830659
71 180 -0.7697870477184401
72 180 -0.5666489801318645
180 180 3.5731104758155747
181 180 -0.5369981186541245
326 180 -0.3409516380017606
330 180 -0.4928545349213314
339 180 -0.8658701563880535
72 181 -0.5291929535356399
149 181 -0.7138646035139583
180 181 -0.5369981186541245
181 181 3.5065206598831424
222 181 -0.4601792081987261
330 181 -0.6147046821664963
333 181 -0.6515810938141977
165 182 -0.4636984396594537
167 182 -1.0393868506586978
182 182 3.6989355904476358
183 182 -0.4821282854066747
189 182 -0.6785436815073032
192 182 -0.8111647958371097
202 182 -0.2240135373783969
90 183 -0.7553637880531883
165 183 -0.5383525408498120
182 183 -0.4821282854066747
183 183 3.5491822078920441
184 183 -0.4495008830075176
189 183 -0.7038086253646891
190 183 -0.6200280852101622
86 184 -0.5120096744010018
87 184 -0.3277035814565355
90 184 -0.4219969898155090
157 184 -0.3537141102017813
183 184 -0.4495008830075175
184 184 3.3634468567231450
185 184 -0.5499551177647246
190 184 -0.3053081878413783
191 184 -0.4432583122346964
157 185 -0.8764822165315819
184 185 -0.5499551177647246
185 185 3.7259186641176112
186 185 -0.7044501640930720
191 185 -1.0002176284837414
193 185 -0.5948135372444902
157 186 -0.5532083101415654
158 186 -0.5423880045745058
185 186 -0.7044501640930720
186 186 3.5087143017398557
187 186 -0.6279439787998926
193 186 -0.4845582953475288
210 186 -0.5961655487832909
158 187 -0.5843535328841414
159 187 -0.5858467567659595
186 187 -0.6279439787998926
187 187 3.5228776424389907
210 187 -0.4849365367866521
318 187 -0.7113961516594548
319 187 -0.5284006855428905
166 188 -0.0797853230146040
167 188 -0.6559426224384247
188 188 1.8100707820206168
202 188 -0.6829892648360731
391 188 -0.3913535717315150
182 189 -0.6785436815073032
183 189 -0.7038086253646891
189 189 3.6841539021020999
190 189 -0.8104657269617406
192 189 -0.8579291463722500
234 189 -0.6334067218961174
183 190 -0.6200280852101621
184 190 -0.3053081878413783
189 190 -0.8104657269617407
190 190 3.7322028973183725
191 190 -1.0742187426633936
234 190 -0.5082370920554845
238 190 -0.4139450625862133
184 191 -0.4432583122346964
185 191 -1.0002176284837416
190 191 -1.0742187426633936
191 191 3.8374696162755213
193 191 -0.7673137850338672
238 191 -0.5524611478598227
182 192 -0.8111647958371095
189 192 -0.8579291463722500
192 192 3.7619593771847892
202 192 -0.5860613260034339
234 192 -0.5573593368758712
235 192 -0.9494447720961247
185 193 -0.5948135372444903
186 193 -0.4845582953475289
191 193 -0.7673137850338672
193 193 3.5735289033520212
210 193 -0.6077788721092080
238 193 -0.4344296215999985
268 193 -0.6846347920169283
163 194 -0.4715267566544815
164 194 -0.6754105260688027
194 194 3.5448947246219902
198 194 -0.6230193897240917
274 194 -0.6396539034979054
276 194 -0.4290859585165736
284 194 -0.7061981901601353
145 195 -0.7121162271527524
146 195 -0.4459163613974794
195 195 3.5718922840152891
196 195 -0.4711791518084252
197 195 -0.7641454558270563
211 195 -0.7297067598621602
212 195 -0.4488283279674156
144 196 -0.6613122834478837
145 196 -0.3307644459160159
148 196 -0.4273266163233101
195 196 -0.4711791518084252
196 196 3.4482778690485714
211 196 -0.6997641219294599
213 196 -0.5321239650635455
218 196 -0.3258072845599310
146 197 -0.6507784581692138
195 197 -0.7641454558270563
197 197 3.6574074384825712
212 197 -0.7595873059701290
249 197 -0.6445592619456650
255 197 -0.8383369565705078
164 198 -0.5512570568284549
194 198 -0.6230193897240917
198 198 3.4835806748517166
199 198 -0.6028389752030217
228 198 -0.5490261300630054
276 198 -0.5244546549752886
281 198 -0.6329844680578542
108 199 -0.6053271146802769
164 199 -0.5888593448431001
198 199 -0.6028389752030218
199 199 3.4865440384449782
200 199 -0.5038599589048502
226 199 -0.6900409107441301
228 199 -0.4956177340695987
107 200 -0.4569364032614308
108 200 -0.5137266338213334
161 200 -0.4553899461494954
199 200 -0.5038599589048502
200 200 3.3762463243523131
201 200 -0.5114318130631541
225 200 -0.5090199765868823
226 200 -0.4258815925651668
161 201 -0.6205077859025645
162 201 -0.6228707377620353
200 201 -0.5114318130631540
201 201 3.5330876376361142
225 201 -0.6864238632153420
356 201 -0.5340342146452796
375 201 -0.5578192230477372
167 202 -0.6383687638124180
182 202 -0.2240135373783969
188 202 -0.6829892648360731
192 202 -0.5860613260034339
202 202 3.5047566959425578
235 202 -0.4916234300748377
386 202 -0.6203364968579306
391 202 -0.2613638769794674
171 203 -0.5935054925102272
172 203 -0.7725214856673283
203 203 3.7187740124454227
204 203 -0.9152371322470197
398 203 -0.7997301101196552
400 203 -0.6377797919011921
170 204 -0.6495258514740840
171 204 -0.4363960808095446
203 204 -0.9152371322470199
204 204 3.6220077939875326
205 204 -0.4649592722476208
229 204 -0.8243709710261131
400 204 -0.3315184861831511
168 205 -0.1227100074283723
169 205 -0.9137059028853487
170 205 -0.7302263713110625
204 205 -0.4649592722476208
205 205 3.5686726186656736
224 205 -0.3868334972428683
229 205 -0.4396786867199239
230 205 -0.5105588808304772
133 206 -1.1784697031779892
206 206 3.8294159315161576
207 206 -0.4354782041975331
209 206 -0.5264789645518978
233 206 -0.9838101610723012
242 206 -0.7051788985164359
131 207 -0.3397302382664328
132 207 -0.5666758728006889
133 207 -0.4976337431522908
206 207 -0.4354782041975331
207 207 3.4137941403603951
219 207 -0.2023122198960142
220 207 -0.6139767616093396
232 207 -0.4788463141138107
233 207 -0.2791407863242849
154 208 -0.4851490086102937
155 208 -0.8195107852462057
208 208 3.5703896673994140
221 208 -0.5011716166646829
313 208 -0.4672545835397305
320 208 -0.8614873720046233
322 208 -0.4358163013338778
133 209 -0.4937059867097407
134 209 -0.6074660428857260
206 209 -0.5264789645518979
209 209 3.5020697967643915
241 209 -0.7763869531706583
242 209 -0.2651579441977364
277 209 -0.3272203336710739
279 209 -0.5056535715775579
186 210 -0.5961655487832909
187 210 -0.4849365367866521
193 210 -0.6077788721092080
210 210 3.5114250479041984
268 210 -0.5825648487816191
316 210 -0.5076535240377337
318 210 -0.7323257174056947
195 211 -0.7297067598621603
196 211 -0.6997641219294599
211 211 3.6612971336694518
212 211 -0.7755815840136736
218 211 -0.7813794829149846
248 211 -0.6748651849491724
195 212 -0.4488283279674156
197 212 -0.7595873059701290
211 212 -0.7755815840136735
212 212 3.6003505625697669
248 212 -0.3469936785974203
249 212 -0.3444163596791139
259 212 -0.9249433063420136
148 213 -0.8471119876232804
196 213 -0.5321239650635456
213 213 3.6333470164583130
215 213 -0.3182755460413310
216 213 -0.7349488878297229
217 213 -0.7300822506473789
218 213 -0.4708043792530548
112 214 -0.6469649130089271
147 214 -0.4582021394194636
153 214 -0.5619584375009028
214 214 3.5414343874771537
215 214 -0.3453156739141323
382 214 -0.1795309479532122
384 214 -0.5277496636127803
389 214 -0.8217126120677362
147 215 -0.6852597415752552
148 215 -0.4469453403665402
213 215 -0.3182755460413310
214 215 -0.3453156739141323
215 215 3.4530773970833972
216 215 -0.6985740871752286
384 215 -0.5385223513463008
388 215 -0.4201846566646096
213 216 -0.7349488878297229
215 216 -0.6985740871752286
216 216 3.6834781276957780
217 216 -0.7920612264261632
385 216 -0.6574871031541814
388 216 -0.8004068231104823
213 217 -0.7300822506473789
216 217 -0.7920612264261632
217 217 3.6913014768312968
218 217 -0.7131477599367670
263 217 -0.7811319869853075
385 217 -0.6748782528356801
196 218 -0.3258072845599310
211 218 -0.7813794829149846
213 218 -0.4708043792530548
217 218 -0.7131477599367670
218 218 3.5327536623666465
246 218 -0.7528503238467603
248 218 -0.2447787029689446
263 218 -0.2439857288862040
132 219 -0.8658777287363759
156 219 -0.2888959665546200
207 219 -0.2023122198960142
219 219 3.5929448949544489
220 219 -0.7260837657297207
327 219 -0.3444237766044171
336 219 -0.5205640228636738
338 219 -0.6447874145696278
207 220 -0.6139767616093396
219 220 -0.7260837657297207
220 220 3.7892522495872876
232 220 -1.0458234336040364
327 220 -0.9065861300663834
335 220 -0.4967821585778074
155 221 -0.7294500397420131
208 221 -0.5011716166646829
221 221 3.6606218019490764
261 221 -0.2071502584473699
262 221 -0.8547878559081215
313 221 -0.2761620081886708
321 221 -0.9340603706171234
324 221 -0.1578396523810948
149 222 -0.4444359245560519
152 222 -0.5675205242457427
181 222 -0.4601792081987260
222 222 3.4082087696523731
223 222 -0.4597251876791276
331 222 -0.4121242896069070
333 222 -0.4648025761674137
340 222 -0.5994210591984034
152 223 -0.5709422013850278
168 223 -0.2582757214245839
169 223 -0.9222916270615068
222 223 -0.4597251876791275
223 223 3.5578750961788459
224 223 -0.3487470605078392
245 223 -0.4533650899253688
331 223 -0.5445282081953913
169 224 -1.1194276894658732
205 224 -0.3868334972428682
223 224 -0.3487470605078392
224 224 3.7200195021097988
230 224 -0.5518621790468667
231 224 -0.7132523424241721
245 224 -0.5998967334221792
200 225 -0.5090199765868823
201 225 -0.6864238632153420
225 225 3.4975542284216048
226 225 -0.6265375912615525
227 225 -0.5593300290659670
356 225 -0.5035147369860754
371 225 -0.6127280313057858
199 226 -0.6900409107441301
200 226 -0.4258815925651669
225 226 -0.6265375912615526
226 226 3.5305993917328440
227 226 -0.7419900725384407
228 226 -0.6455010481564292
311 226 -0.4006481764671248
225 227 -0.5593300290659670
226 227 -0.7419900725384408
227 227 3.5919789847682413
311 227 -0.4138170800589658
371 227 -0.4733692589105440
372 227 -0.7313746020163036
373 227 -0.6720979421780202
198 228 -0.5490261300630053
199 228 -0.4956177340695988
226 228 -0.6455010481564292
228 228 3.5490414861019732
281 228 -0.7901730781606098
309 228 -0.4421847803504128
311 228 -0.6265387153019176
204 229 -0.8243709710261131
205 229 -0.4396786867199239
229 229 3.5441245122623046
230 229 -0.6137402962317864
303 229 -0.5493678189973444
400 229 -0.4010713299825972
404 229 -0.7158954093045403
205 230 -0.5105588808304772
224 230 -0.5518621790468667
229 230 -0.6137402962317862
230 230 3.5389144127899721
231 230 -0.7978285914422812
303 230 -0.6708851155598835
304 230 -0.3940393496786775
224 231 -0.7132523424241721
230 231 -0.7978285914422811
231 231 3.6498214237156521
245 231 -0.6772530307771182
267 231 -0.8207564676800229
304 231 -0.6407309913920574
207 232 -0.4788463141138107
220 232 -1.0458234336040364
232 232 3.7755018351448069
233 232 -0.9587906460117737
334 232 -0.6749447372206927
335 232 -0.6170967041944933
206 233 -0.9838101610723012
207 233 -0.2791407863242849
232 233 -0.9587906460117739
233 233 3.7305949332830779
242 233 -0.3015544109450481
243 233 -0.8747494468647332
334 233 -0.3325494820649366
189 234 -0.6334067218961174
190 234 -0.5082370920554845
192 234 -0.5573593368758712
234 234 3.5531925354714406
235 234 -0.3231517349503937
238 234 -0.2547069346813096
239 234 -0.8329340597116239
240 234 -0.4433966553006406
192 235 -0.9494447720961244
202 235 -0.4916234300748377
234 235 -0.3231517349503936
235 235 3.5928722588668882
240 235 -0.6516856223409787
386 235 -0.5144998527427731
387 235 -0.6624668466617805
177 236 -1.1579830879301034
178 236 -0.4273458120675198
236 236 3.8163711736629899
237 236 -0.6730870181401232
266 236 -0.4508641794965810
307 236 -0.8872488835997602
395 236 -0.2198421924289031
178 237 -0.5595630359026764
179 237 -0.5324751243014353
236 237 -0.6730870181401233
237 237 3.5042077500992606
251 237 -0.6158124001085848
253 237 -0.6161619418328154
266 237 -0.5071082298136249
190 238 -0.4139450625862133
191 238 -0.5524611478598227
193 238 -0.4344296215999985
234 238 -0.2547069346813096
238 238 3.4268233544074023
239 238 -0.6176885089038275
268 238 -0.2052173640286155
269 238 -0.6850938950100814
271 238 -0.2632808197375342
234 239 -0.8329340597116240
238 239 -0.6176885089038274
239 239 3.6785985527668679
240 239 -0.6904695552738125
271 239 -0.8642754817239610
272 239 -0.6732309471536430
234 240 -0.4433966553006405
235 240 -0.6516856223409787
239 240 -0.6904695552738125
240 240 3.5036927146910046
272 240 -0.6010520143115146
383 240 -0.5044738246419893
387 240 -0.6126150428220689
209 241 -0.7763869531706583
241 241 3.7014066623102426
242 241 -0.6443321536490642
244 241 -0.8978218149403300
279 241 -0.7557930037004248
280 241 -0.6270727368497647
206 242 -0.7051788985164360
209 242 -0.2651579441977364
233 242 -0.3015544109450481
241 242 -0.6443321536490642
242 242 3.5207251713277694
243 242 -0.7345822096128720
244 242 -0.6037161868197823
287 242 -0.2662033675868306
233 243 -0.8747494468647330
242 243 -0.7345822096128719
243 243 3.7363766440058299
287 243 -0.5706746922499506
302 243 -1.0527124292987939
334 243 -0.5036578659794798
241 244 -0.8978218149403300
242 244 -0.6037161868197823
244 244 3.7487878706474458
280 244 -0.7142240470854567
286 244 -0.6887896601150012
287 244 -0.8442361616868758
223 245 -0.4533650899253688
224 245 -0.5998967334221792
231 245 -0.6772530307771183
245 245 3.5577758579427901
267 245 -0.5889962374236911
329 245 -0.4727933815427086
331 245 -0.7654713848517247
218 246 -0.7528503238467604
246 246 3.7248814002431780
248 246 -0.8150214541205238
263 246 -0.5916717697126681
264 246 -1.0028517223550701
265 246 -0.5624861302081559
58 247 -0.3276373729083460
92 247 -0.2975197565800479
247 247 1.7108337019345550
256 247 -0.2168143434621120
257 247 -0.6306513700395112
260 247 -0.2382108589445374
211 248 -0.6748651849491724
212 248 -0.3469936785974203
218 248 -0.2447787029689446
246 248 -0.8150214541205237
248 248 3.5034966860954477
253 248 -0.4755458486499300
259 248 -0.6103886106556941
265 248 -0.3359032061537629
197 249 -0.6445592619456648
212 249 -0.3444163596791140
249 249 3.4468670414697544
251 249 -0.3609761195010006
252 249 -0.3365846219299733
254 249 -0.7159816008797433
255 249 -0.4718670269493035
259 249 -0.5724820505849544
125 250 -0.7378991041655127
250 250 3.6733369962696742
252 250 -0.7061791669468378
256 250 -0.7657664486286545
257 250 -0.6657297799519366
258 250 -0.7977624965767335
179 251 -0.4985242046259730
237 251 -0.6158124001085848
249 251 -0.3609761195010007
251 251 3.5486373807794456
253 251 -0.4810789311502327
254 251 -0.7827640206010987
259 251 -0.8094817047925559
125 252 -0.3399308781532186
143 252 -0.4394969727773953
249 252 -0.3365846219299733
250 252 -0.7061791669468378
252 252 3.4637960050484939
254 252 -0.7104052618250234
255 252 -0.5574920436899028
258 252 -0.3737070597261433
237 253 -0.6161619418328154
248 253 -0.4755458486499300
251 253 -0.4810789311502327
253 253 3.5467326190763719
259 253 -0.7662690424289406
265 253 -0.6386427843025521
266 253 -0.5690340707119017
143 254 -0.7880645175123636
179 254 -0.6593377076830657
249 254 -0.7159816008797433
251 254 -0.7827640206010987
252 254 -0.7104052618250234
254 254 3.6565531085012952
93 255 -0.6362605207186055
146 255 -0.4089060662222533
197 255 -0.8383369565705079
249 255 -0.4718670269493035
252 255 -0.5574920436899028
255 255 3.5381675476098051
258 255 -0.6253049334592315
124 256 -0.6069267848041088
125 256 -0.3168326855593228
247 256 -0.2168143434621120
250 256 -0.7657664486286545
256 256 3.7488334422813714
257 256 -0.9152202142962216
260 256 -0.9272729655309512
92 257 -0.8775909944531218
247 257 -0.6306513700395113
250 257 -0.6657297799519366
256 257 -0.9152202142962217
257 257 3.7724310275934858
258 257 -0.6832386688526942
92 258 -0.3505575892677616
93 258 -0.7643612837646594
250 258 -0.7977624965767335
252 258 -0.3737070597261433
255 258 -0.6253049334592318
257 258 -0.6832386688526944
258 258 3.5949320316472235
212 259 -0.9249433063420136
248 259 -0.6103886106556941
249 259 -0.5724820505849544
251 259 -0.8094817047925559
253 259 -0.7662690424289406
259 259 3.6835647148041590
116 260 -0.1561872736630938
124 260 -0.4929389492453789
247 260 -0.2382108589445374
256 260 -0.9272729655309512
260 260 1.8146100473839610
141 261 -0.2313572171353284
142 261 -0.4291962479142571
155 261 -0.7114650887084600
221 261 -0.2071502584473700
261 261 3.4322949791098969
262 261 -0.6586306028326360
361 261 -0.4299991859431933
362 261 -0.2345653989837971
365 261 -0.5299309791448548
221 262 -0.8547878559081215
261 262 -0.6586306028326360
262 262 3.6708006151382637
324 262 -0.6190560738676718
362 262 -0.7498870219759267
367 262 -0.7884390605539076
217 263 -0.7811319869853075
218 263 -0.2439857288862040
246 263 -0.5916717697126680
263 263 3.4672410513822842
264 263 -0.5349099970894846
381 263 -0.4712839015278258
385 263 -0.4000138587851330
392 263 -0.4442438083956619
246 264 -1.0028517223550701
263 264 -0.5349099970894846
264 264 3.7209545871969421
265 264 -0.5959772716001397
392 264 -0.8324638829935314
396 264 -0.7547517131587167
246 265 -0.5624861302081559
248 265 -0.3359032061537628
253 265 -0.6386427843025518
264 265 -0.5959772716001396
265 265 3.4569120522747356
266 265 -0.3575546676909033
396 265 -0.3148303120531304
401 265 -0.6515176802660926
236 266 -0.4508641794965811
237 266 -0.5071082298136250
253 266 -0.5690340707119017
265 266 -0.3575546676909033
266 266 3.4005918007989346
307 266 -0.4291703574369107
401 266 -0.5598420358285091
408 266 -0.5270182598205035
231 267 -0.8207564676800229
245 267 -0.5889962374236911
267 267 3.6109055252955966
304 267 -0.3825940731305804
305 267 -0.5906431635650709
329 267 -0.4057507216659996
337 267 -0.8221648618302320
193 268 -0.6846347920169283
210 268 -0.5825648487816191
238 268 -0.2052173640286155
268 268 3.5596256219469020
269 268 -0.6894604442974592
270 268 -0.6121379307279222
316 268 -0.3198271315843901
325 268 -0.4657831105099673
238 269 -0.6850938950100814
268 269 -0.6894604442974593
269 269 3.8221688200290500
270 269 -1.0194738558381067
271 269 -0.9254397795361026
364 269 -0.5027008453473005
268 270 -0.6121379307279223
269 270 -1.0194738558381067
270 270 3.7944155827594357
325 270 -0.6928586640821754
359 270 -1.0066496498772848
364 270 -0.4632954822339465
238 271 -0.2632808197375343
239 271 -0.8642754817239608
269 271 -0.9254397795361026
271 271 3.6422740613077256
272 271 -0.5583635423278741
364 271 -0.5225035117387828
379 271 -0.5084109262434715
239 272 -0.6732309471536431
240 272 -0.6010520143115146
271 272 -0.5583635423278741
272 272 3.5653420089248602
379 272 -0.4351846987612810
380 272 -0.8926238970816446
383 272 -0.4048869092889028
130 273 -0.1999308476458800
135 273 -0.4577963728974542
273 273 1.9599426834750409
283 273 -1.2231836876401534
285 273 -0.0790317752915537
163 274 -0.4141500406908750
194 274 -0.6396539034979054
274 274 3.5782149929428342
277 274 -0.5190821059047243
279 274 -0.4933402219024299
282 274 -0.7846649531919782
284 274 -0.7273237677549216
135 275 -0.6756771738668126
275 275 3.7495264009196427
277 275 -0.6870364553586363
278 275 -0.4714049325035029
282 275 -0.9198071315718911
283 275 -0.9956007076187989
194 276 -0.4290859585165737
198 276 -0.5244546549752886
276 276 3.5846880875739302
280 276 -0.6473919440894922
281 276 -0.8427530814083264
284 276 -0.7696080955363710
286 276 -0.3713943530478788
134 277 -0.5442986850833414
135 277 -0.4398647580784757
209 277 -0.3272203336710739
274 277 -0.5190821059047243
275 277 -0.6870364553586363
277 277 3.4474012882872009
279 277 -0.6559761243458727
282 277 -0.2739228258450761
79 278 -0.7142189283084630
97 278 -0.5992927124721966
275 278 -0.4714049325035030
278 278 3.5824127125172081
282 278 -0.5392336990984714
283 278 -0.8753620401385364
285 278 -0.3829003999960383
209 279 -0.5056535715775579
241 279 -0.7557930037004248
274 279 -0.4933402219024298
277 279 -0.6559761243458727
279 279 3.5953279505241600
280 279 -0.4298401829652005
284 279 -0.7547248460326744
241 280 -0.6270727368497646
244 280 -0.7142240470854567
276 280 -0.6473919440894922
279 280 -0.4298401829652006
280 280 3.5553617640222690
284 280 -0.6830772197328567
286 280 -0.4537556332994978
198 281 -0.6329844680578542
228 281 -0.7901730781606098
276 281 -0.8427530814083263
281 281 3.6891761839168318
286 281 -0.6906631593034601
309 281 -0.7326023969865815
97 282 -0.4989009833576626
163 282 -0.5853843598481820
274 282 -0.7846649531919782
275 282 -0.9198071315718911
277 282 -0.2739228258450762
278 282 -0.5392336990984714
282 282 3.6019139529132613
135 283 -0.3668840729534941
273 283 -1.2231836876401534
275 283 -0.9956007076187989
278 283 -0.8753620401385365
283 283 3.9236944013925261
285 283 -0.4626638930415428
194 284 -0.7061981901601354
274 284 -0.7273237677549216
276 284 -0.7696080955363710
279 284 -0.7547248460326743
280 284 -0.6830772197328567
284 284 3.6409321192169593
78 285 -0.1323603678815620
79 285 -0.6364469659092802
273 285 -0.0790317752915537
278 285 -0.3829003999960382
283 285 -0.4626638930415428
285 285 1.6934034021199766
244 286 -0.6887896601150012
276 286 -0.3713943530478788
280 286 -0.4537556332994978
281 286 -0.6906631593034601
286 286 3.5039085075198320
287 286 -0.2970403658739865
308 286 -0.6712433306036262
309 286 -0.3310220052763816
242 287 -0.2662033675868305
243 287 -0.5706746922499508
244 287 -0.8442361616868758
286 287 -0.2970403658739866
287 287 3.4957230974828519
302 287 -0.5061623596646937
308 287 -0.5673838696193969
310 287 -0.4440222808011179
288 288 3.6557411347777831
289 288 -0.8390465069533428
290 288 -0.6722154372878125
292 288 -0.7164095655970715
295 288 -0.6351348178038450
296 288 -0.7929348071357116
288 289 -0.8390465069533428
289 289 3.5617452219068531
290 289 -0.5096698266542543
291 289 -0.5548597912707915
293 289 -0.5327342487597106
294 289 -0.7975135467191220
295 289 -0.3279213015496319
288 290 -0.6722154372878125
289 290 -0.5096698266542542
290 290 3.4925979275953591
291 290 -0.6013270549536877
292 290 -0.5418358341684488
355 290 -0.5760643489956722
378 290 -0.5914854255354842
289 291 -0.5548597912707915
290 291 -0.6013270549536875
291 291 3.4691614325831512
293 291 -0.5850669211580870
378 291 -0.5649648835267396
393 291 -0.5852674949571608
411 291 -0.5776752867166849
288 292 -0.7164095655970715
290 292 -0.5418358341684488
292 292 3.4968038938012778
296 292 -0.4794301698460519
355 292 -0.5339404259234669
363 292 -0.5873080458937110
374 292 -0.6378798523725279
289 293 -0.5327342487597106
291 293 -0.5850669211580870
293 293 3.4791809221696903
294 293 -0.6687941055381605
297 293 -0.5019794915770414
298 293 -0.6177916699518483
411 293 -0.5728144851848429
289 294 -0.7975135467191220
293 294 -0.6687941055381605
294 294 3.6652239579636561
295 294 -0.7017469314632984
297 294 -0.7711944920575198
299 294 -0.7259748821855559
288 295 -0.6351348178038450
289 295 -0.3279213015496318
294 295 -0.7017469314632984
295 295 3.5004262232918686
296 295 -0.4642182967014102
299 295 -0.2502632247598378
300 295 -0.7756366694088657
301 295 -0.3455049816049793
288 296 -0.7929348071357117
292 296 -0.4794301698460519
295 296 -0.4642182967014102
296 296 3.5319674581239608
301 296 -0.6104264441465825
357 296 -0.6076828535550930
363 296 -0.5772748867391119
293 297 -0.5019794915770412
294 297 -0.7711944920575198
297 297 3.5324773528018545
298 297 -0.6197209960861724
299 297 -0.4066959602006300
345 297 -0.7309318402148305
352 297 -0.5019545726656605
293 298 -0.6177916699518483
297 298 -0.6197209960861724
298 298 3.4936988537465958
352 298 -0.5163245590518746
410 298 -0.5912743187327911
411 298 -0.4779918990392171
414 298 -0.6705954108846929
294 299 -0.7259748821855559
295 299 -0.2502632247598378
297 299 -0.4066959602006301
299 299 3.4880457741278206
300 299 -0.7384354671341065
343 299 -0.6803859288938391
345 299 -0.3982958064773769
350 299 -0.2879945044764743
295 300 -0.7756366694088656
299 300 -0.7384354671341065
300 300 3.6484646661096445
301 300 -0.6381807231677191
350 300 -0.6687476393291123
351 300 -0.8274641670698406
295 301 -0.3455049816049793
296 301 -0.6104264441465825
300 301 -0.6381807231677191
301 301 3.4176180328796781
344 301 -0.5570212553872084
351 301 -0.3729461805473356
357 301 -0.4124777496370748
369 301 -0.4810606983887781
243 302 -1.0527124292987939
287 302 -0.5061623596646937
302 302 3.7608853047736521
310 302 -0.8681330119758058
332 302 -0.7307264625711826
334 302 -0.6031510412631766
229 303 -0.5493678189973444
230 303 -0.6708851155598836
303 303 3.5354909757492092
304 303 -0.5598888313368012
399 303 -0.8251163753729138
404 303 -0.4664305686288634
405 303 -0.4638022658534027
230 304 -0.3940393496786775
231 304 -0.6407309913920572
267 304 -0.3825940731305803
303 304 -0.5598888313368011
304 304 3.4299130087362810
305 304 -0.4334128163143027
306 304 -0.6630958950694992
405 304 -0.3561510518143629
267 305 -0.5906431635650709
304 305 -0.4334128163143027
305 305 3.5719208528858490
306 305 -0.8934040221765626
328 305 -0.6851671772337415
337 305 -0.6067758185462918
349 305 -0.3625178550498794
304 306 -0.6630958950694992
305 306 -0.8934040221765627
306 306 3.6775289567512353
349 306 -0.5676413667180705
353 306 -0.8615801168776620
405 306 -0.6918075559094407
236 307 -0.8872488835997602
266 307 -0.4291703574369106
307 307 3.6371724329580331
395 307 -0.2778867454607957
407 307 -0.9315131973485298
408 307 -0.7018456493546489
413 307 -0.4095075997573877
286 308 -0.6712433306036262
287 308 -0.5673838696193969
308 308 3.5058363550678293
309 308 -0.4956868177803721
310 308 -0.5011734657263527
342 308 -0.6005363277406165
348 308 -0.6698125435974650
228 309 -0.4421847803504129
281 309 -0.7326023969865815
286 309 -0.3310220052763816
308 309 -0.4956868177803721
309 309 3.4447657545570993
311 309 -0.3746687108603285
342 309 -0.4828324741984165
346 309 -0.5857685691046063
287 310 -0.4440222808011179
302 310 -0.8681330119758059
308 310 -0.5011734657263527
310 310 3.5788274712593919
332 310 -0.4673310811176609
347 310 -0.5029931766592461
348 310 -0.7951744549792084
226 311 -0.4006481764671248
227 311 -0.4138170800589658
228 311 -0.6265387153019176
309 311 -0.3746687108603285
311 311 3.4660132303151725
346 311 -0.6155430761165277
358 311 -0.3111826367871942
372 311 -0.7236148347231144
136 312 -0.1752769655309306
137 312 -0.6698213534091383
312 312 1.7192612194912755
315 312 -0.2028973838602669
317 312 -0.3634257836136798
323 312 -0.3078397330772596
208 313 -0.4672545835397304
221 313 -0.2761620081886708
313 313 3.6169128414346852
316 313 -0.1295739060361495
318 313 -0.7103576318663958
319 313 -0.3691839482071241
320 313 -0.5918445966533200
321 313 -1.0725361669432945
114 314 -0.7715533507355762
115 314 -0.5678993280787993
159 314 -0.2674517559855063
314 314 3.5331014229289641
317 314 -0.2635076550098044
319 314 -0.4680384831443757
320 314 -0.6864630043519673
322 314 -0.5081878456229345
137 315 -0.9336015939072531
139 315 -1.0361565476072276
140 315 -0.1420956668194323
154 315 -0.2919831364285924
312 315 -0.2028973838602669
315 315 3.7749913434632023
317 315 -0.7545191788451834
322 315 -0.4137378359952464
210 316 -0.5076535240377337
268 316 -0.3198271315843901
313 316 -0.1295739060361495
316 316 3.6107462266726293
318 316 -0.7329137153304182
321 316 -0.9363047535492199
324 316 -0.2653262386376274
325 316 -0.7191469574970909
115 317 -0.8578521652813165
312 317 -0.3634257836136798
314 317 -0.2635076550098044
315 317 -0.7545191788451835
317 317 3.6504593763369826
322 317 -0.7046276141563473
323 317 -0.7065269794306515
187 318 -0.7113961516594548
210 318 -0.7323257174056947
313 318 -0.7103576318663958
316 318 -0.7329137153304182
318 318 3.6331498674377780
319 318 -0.7461566511758139
159 319 -0.6245203419761969
187 319 -0.5284006855428904
313 319 -0.3691839482071241
314 319 -0.4680384831443757
318 319 -0.7461566511758140
319 319 3.5802983600435003
320 319 -0.8439982499970992
208 320 -0.8614873720046233
313 320 -0.5918445966533201
314 320 -0.6864630043519674
319 320 -0.8439982499970990
320 320 3.6680340276394832
322 320 -0.6842408046324732
221 321 -0.9340603706171234
313 321 -1.0725361669432945
316 321 -0.9363047535492199
321 321 4.0107065755595039
324 321 -1.0678052844498662
154 322 -0.8052496459300768
208 322 -0.4358163013338779
314 322 -0.5081878456229345
315 322 -0.4137378359952464
317 322 -0.7046276141563471
320 322 -0.6842408046324732
322 322 3.5518600476709565
113 323 -0.1055177499599776
115 323 -0.6907976324602085
312 323 -0.3078397330772596
317 323 -0.7065269794306516
323 323 1.8106820949280971
221 324 -0.1578396523810948
262 324 -0.6190560738676718
316 324 -0.2653262386376275
321 324 -1.0678052844498664
324 324 3.5896370505445656
325 324 -0.5118635224974879
367 324 -0.4536730063547695
370 324 -0.5140732723560473
268 325 -0.4657831105099672
270 325 -0.6928586640821754
316 325 -0.7191469574970909
324 325 -0.5118635224974880
325 325 3.5889744172969711
359 325 -0.6037636651432143
370 325 -0.5955584975670347
70 326 -0.0959530417038000
71 326 -0.6215625404900325
180 326 -0.3409516380017605
326 326 1.7111549184041417
339 326 -0.5853416594256829
341 326 -0.0673460387828656
219 327 -0.3444237766044171
220 327 -0.9065861300663837
327 327 3.6305626162774356
333 327 -0.4020286242813347
335 327 -0.3523006413044750
338 327 -0.8258869065611255
340 327 -0.7993365374596997
305 328 -0.6851671772337415
328 328 3.7132599848855854
332 328 -0.6350126636588412
337 328 -0.8712800114074888
347 328 -0.8051799789842062
349 328 -0.7166201536013067
245 329 -0.4727933815427086
267 329 -0.4057507216659996
329 329 3.4477188917201342
331 329 -0.4845213521264464
332 329 -0.3266754073883881
334 329 -0.5345724828638517
335 329 -0.4962557774701071
337 329 -0.7271497686626324
180 330 -0.4928545349213314
181 330 -0.6147046821664963
330 330 3.5050024946135250
333 330 -0.5330557758351214
336 330 -0.4363618256520100
338 330 -0.6926407283066475
339 330 -0.7353849477319185
222 331 -0.4121242896069070
223 331 -0.5445282081953914
245 331 -0.7654713848517247
329 331 -0.4845213521264464
331 331 3.5885291042810294
335 331 -0.4824991656647876
340 331 -0.8993847038357722
302 332 -0.7307264625711826
310 332 -0.4673310811176608
328 332 -0.6350126636588412
329 332 -0.3266754073883881
332 332 3.5578113717576940
334 332 -0.4149218728393423
337 332 -0.6965581845844603
347 332 -0.2865856995978186
181 333 -0.6515810938141977
222 333 -0.4648025761674137
327 333 -0.4020286242813347
330 333 -0.5330557758351214
333 333 3.5430482724345769
338 333 -0.6911716429710505
340 333 -0.8004085593654586
232 334 -0.6749447372206927
233 334 -0.3325494820649366
243 334 -0.5036578659794798
302 334 -0.6031510412631766
329 334 -0.5345724828638517
332 334 -0.4149218728393422
334 334 3.4750151342096038
335 334 -0.4112176519781248
220 335 -0.4967821585778074
232 335 -0.6170967041944934
327 335 -0.3523006413044750
329 335 -0.4962557774701071
331 335 -0.4824991656647875
334 335 -0.4112176519781248
335 335 3.4531219691707440
340 335 -0.5969698699809489
156 336 -0.5768876606458250
219 336 -0.5205640228636739
330 336 -0.4363618256520099
336 336 3.6199157633157633
338 336 -0.8182346501275864
339 336 -0.6020001905666138
341 336 -0.6658674134600543
267 337 -0.8221648618302317
305 337 -0.6067758185462918
328 337 -0.8712800114074888
329 337 -0.7271497686626326
332 337 -0.6965581845844603
337 337 3.7239286450311049
219 338 -0.6447874145696278
327 338 -0.8258869065611256
330 338 -0.6926407283066475
333 338 -0.6911716429710505
336 338 -0.8182346501275864
338 338 3.6727213425360370
180 339 -0.8658701563880535
326 339 -0.5853416594256829
330 339 -0.7353849477319185
336 339 -0.6020001905666138
339 339 3.7076363273491157
341 339 -0.9190393732368469
222 340 -0.5994210591984034
327 340 -0.7993365374596997
331 340 -0.8993847038357722
333 340 -0.8004085593654585
335 340 -0.5969698699809489
340 340 3.6955207298402826
156 341 -0.2223190737471551
326 341 -0.0673460387828656
336 341 -0.6658674134600543
339 341 -0.9190393732368469
341 341 1.8745718992269216
308 342 -0.6005363277406165
309 342 -0.4828324741984165
342 342 3.5374154111878933
346 342 -0.6187353834720540
348 342 -0.7535984314661156
350 342 -0.3784469523670935
351 342 -0.7032658419435976
299 343 -0.6803859288938391
343 343 3.6434800846245259
345 343 -0.7981985356842134
347 343 -0.7407683775532270
349 343 -0.6790357432178906
350 343 -0.7450914992753562
301 344 -0.5570212553872084
344 344 3.7257709892236859
346 344 -0.8034934686465077
351 344 -0.7888966385019344
358 344 -0.5460949678320446
369 344 -1.0302646588559912
297 345 -0.7309318402148306
299 345 -0.3982958064773769
343 345 -0.7981985356842134
345 345 3.5262133712010799
349 345 -0.4345023193308988
352 345 -0.4796640767972650
353 345 -0.6846207926964956
309 346 -0.5857685691046062
311 346 -0.6155430761165277
342 346 -0.6187353834720540
344 346 -0.8034934686465077
346 346 3.5463901889461273
351 346 -0.4530655094771260
358 346 -0.4697841821293054
310 347 -0.5029931766592461
328 347 -0.8051799789842061
332 347 -0.2865856995978185
343 347 -0.7407683775532269
347 347 3.5269308538916246
348 347 -0.6856280477458426
349 347 -0.2619166483551020
350 347 -0.2438589249961820
308 348 -0.6698125435974651
310 348 -0.7951744549792082
342 348 -0.7535984314661156
347 348 -0.6856280477458424
348 348 3.6442387791417961
350 348 -0.7400253013531642
305 349 -0.3625178550498794
306 349 -0.5676413667180706
328 349 -0.7166201536013068
343 349 -0.6790357432178906
345 349 -0.4345023193308988
347 349 -0.2619166483551020
349 349 3.4539190570912148
353 349 -0.4316849708180667
299 350 -0.2879945044764743
300 350 -0.6687476393291123
342 350 -0.3784469523670935
343 350 -0.7450914992753562
347 350 -0.2438589249961820
348 350 -0.7400253013531642
350 350 3.4865930544048762
351 350 -0.4224282326074940
300 351 -0.8274641670698406
301 351 -0.3729461805473356
342 351 -0.7032658419435975
344 351 -0.7888966385019344
346 351 -0.4530655094771260
350 351 -0.4224282326074940
351 351 3.5680665701473289
297 352 -0.5019545726656605
298 352 -0.5163245590518747
345 352 -0.4796640767972650
352 352 3.4051247839143257
353 352 -0.4433464260654161
397 352 -0.5346295989836570
410 352 -0.4061881045016691
412 352 -0.5230174458487836
306 353 -0.8615801168776620
345 353 -0.6846207926964956
349 353 -0.4316849708180666
352 353 -0.4433464260654161
353 353 3.6020282305301707
405 353 -0.3124513587768139
412 353 -0.8683445652957164
136 354 -0.2047413299205350
138 354 -0.5905964731936945
354 354 1.7170922840958787
360 354 -0.1556250384959419
368 354 -0.4677110170736376
376 354 -0.2984184254120698
290 355 -0.5760643489956722
292 355 -0.5339404259234669
355 355 3.4946263589200353
364 355 -0.5884503991040112
374 355 -0.6195568177512024
378 355 -0.6315275674044314
379 355 -0.5450867997412511
201 356 -0.5340342146452796
225 356 -0.5035147369860753
356 356 3.5734002957318265
360 356 -0.3494065323345740
366 356 -0.7217410834117589
371 356 -0.5994497164740538
375 356 -0.8652540118800844
296 357 -0.6076828535550929
301 357 -0.4124777496370748
357 357 3.5649171196354437
362 357 -0.3615813690866087
363 357 -0.5898121616984521
367 357 -0.6713335740547577
369 357 -0.9220294116034572
311 358 -0.3111826367871942
344 358 -0.5460949678320446
346 358 -0.4697841821293054
358 358 3.5309241930612818
362 358 -0.3162941466642039
365 358 -0.4568138920496899
369 358 -0.6363365102169749
372 358 -0.7944178573818687
270 359 -1.0066496498772848
325 359 -0.6037636651432143
359 359 3.7246586951451972
364 359 -0.5381300776882306
370 359 -0.6987690640743921
374 359 -0.8773462383620753
138 360 -0.9949016997562191
140 360 -0.3207325754494597
354 360 -0.1556250384959419
356 360 -0.3494065323345740
360 360 3.6301415016062046
366 360 -0.5155429661848223
368 360 -0.6004942334710254
375 360 -0.6934384559141621
142 361 -0.9140500568812013
261 361 -0.4299991859431933
361 361 3.6253598908714624
365 361 -0.5762378967668157
366 361 -0.4103762023072175
371 361 -0.5252156431402050
373 361 -0.7694809058328297
261 362 -0.2345653989837971
262 362 -0.7498870219759267
357 362 -0.3615813690866088
358 362 -0.3162941466642039
362 362 3.5016250295360112
365 362 -0.7246071410074524
367 362 -0.4277189278286834
369 362 -0.6869710239893391
292 363 -0.5873080458937109
296 363 -0.5772748867391119
357 363 -0.5898121616984520
363 363 3.4667375223049146
367 363 -0.5415255866297373
370 363 -0.6203405976949770
374 363 -0.5504762436489252
269 364 -0.5027008453473005
270 364 -0.4632954822339466
271 364 -0.5225035117387828
355 364 -0.5884503991040111
359 364 -0.5381300776882306
364 364 3.4525387470186493
374 364 -0.4099211712423271
379 364 -0.4275372596640503
261 365 -0.5299309791448548
358 365 -0.4568138920496899
361 365 -0.5762378967668157
362 365 -0.7246071410074524
365 365 3.6110525285323178
372 365 -0.6698904015468599
373 365 -0.6535722180166458
140 366 -0.5249665310531855
142 366 -0.8229213110395242
356 366 -0.7217410834117590
360 366 -0.5155429661848223
361 366 -0.4103762023072175
366 366 3.5625958723035516
371 366 -0.5670477783070433
262 367 -0.7884390605539076
324 367 -0.4536730063547695
357 367 -0.6713335740547577
362 367 -0.4277189278286834
363 367 -0.5415255866297373
367 367 3.5150799384549067
370 367 -0.6323897830330515
160 368 -0.4188394545363071
162 368 -0.6402768630395782
354 368 -0.4677110170736376
360 368 -0.6004942334710254
368 368 3.6597079037374942
375 368 -0.6954533153870170
376 368 -0.8369330202299284
301 369 -0.4810606983887781
344 369 -1.0302646588559909
357 369 -0.9220294116034572
358 369 -0.6363365102169749
362 369 -0.6869710239893391
369 369 3.7566623030545405
324 370 -0.5140732723560473
325 370 -0.5955584975670346
359 370 -0.6987690640743920
363 370 -0.6203405976949770
367 370 -0.6323897830330515
370 370 3.5197816477077715
374 370 -0.4586504329822686
225 371 -0.6127280313057859
227 371 -0.4733692589105440
356 371 -0.5994497164740538
361 371 -0.5252156431402050
366 371 -0.5670477783070433
371 371 3.5102769524111590
373 371 -0.7324665242735273
227 372 -0.7313746020163036
311 372 -0.7236148347231144
358 372 -0.7944178573818687
365 372 -0.6698904015468599
372 372 3.7436334952426171
373 372 -0.8243357995744710
227 373 -0.6720979421780202
361 373 -0.7694809058328297
365 373 -0.6535722180166457
371 373 -0.7324665242735273
372 373 -0.8243357995744711
373 373 3.6519533898754943
292 374 -0.6378798523725279
355 374 -0.6195568177512024
359 374 -0.8773462383620753
363 374 -0.5504762436489253
364 374 -0.4099211712423271
370 374 -0.4586504329822686
374 374 3.5538307563593263
162 375 -0.9024851031997038
201 375 -0.5578192230477373
356 375 -0.8652540118800846
360 375 -0.6934384559141621
368 375 -0.6954533153870170
375 375 3.7144501094287050
61 376 -0.2805771149617162
160 376 -0.3641925088505845
354 376 -0.2984184254120698
368 376 -0.8369330202299284
376 376 1.7801210694542986
377 377 3.5206994073015343
378 377 -0.6908132671815734
379 377 -0.3924593477283847
380 377 -0.8019325569356075
381 377 -0.5073891734610932
392 377 -0.5517949164472686
393 377 -0.5763101455476072
290 378 -0.5914854255354843
291 378 -0.5649648835267396
355 378 -0.6315275674044313
377 378 -0.6908132671815735
378 378 3.4908853112518203
379 378 -0.4850391982571875
393 378 -0.5270549693464039
271 379 -0.5084109262434715
272 379 -0.4351846987612810
355 379 -0.5450867997412511
364 379 -0.4275372596640503
377 379 -0.3924593477283846
378 379 -0.4850391982571875
379 379 3.3897764267201658
380 379 -0.5960581963245396
272 380 -0.8926238970816446
377 380 -0.8019325569356075
379 380 -0.5960581963245396
380 380 3.6700764068425729
381 380 -0.7585622031186957
383 380 -0.6208995533820847
263 381 -0.4712839015278258
377 381 -0.5073891734610934
380 381 -0.7585622031186957
381 381 3.5309827397094899
383 381 -0.3873634357298084
385 381 -0.7807533881793191
392 381 -0.6256306376927474
153 382 -0.3273770627864029
214 382 -0.1795309479532122
382 382 1.8841530973811471
389 382 -0.5163048864825223
390 382 -0.8814487454393528
391 382 0.0205085452803435
240 383 -0.5044738246419893
272 383 -0.4048869092889028
380 383 -0.6208995533820848
381 383 -0.3873634357298084
383 383 3.3938068241744386
385 383 -0.5041115001219006
387 383 -0.4706117172857705
388 383 -0.5014598837239816
214 384 -0.5277496636127803
215 384 -0.5385223513463008
384 384 3.5406344065727149
386 384 -0.4184987269843544
387 384 -0.6312981214044049
388 384 -0.6243313038928434
389 384 -0.8002342393320306
216 385 -0.6574871031541814
217 385 -0.6748782528356800
263 385 -0.4000138587851331
381 385 -0.7807533881793193
383 385 -0.5041115001219006
385 385 3.5695117761814257
388 385 -0.5522676731052115
202 386 -0.6203364968579306
235 386 -0.5144998527427731
384 386 -0.4184987269843544
386 386 3.6255308235671402
387 386 -0.4601065342832656
389 386 -0.5367674257310602
390 386 -0.8869230481530114
391 386 -0.1883987388147441
235 387 -0.6624668466617804
240 387 -0.6126150428220689
383 387 -0.4706117172857705
384 387 -0.6312981214044049
386 387 -0.4601065342832656
387 387 3.4906150779368428
388 387 -0.6535168154795515
215 388 -0.4201846566646096
216 388 -0.8004068231104823
383 388 -0.5014598837239816
384 388 -0.6243313038928434
385 388 -0.5522676731052115
387 388 -0.6535168154795515
388 388 3.5521671559766803
214 389 -0.8217126120677362
382 389 -0.5163048864825224
384 389 -0.8002342393320308
386 389 -0.5367674257310602
389 389 3.9377688436321749
390 389 -1.2627496800188254
382 390 -0.8814487454393528
386 390 -0.8869230481530115
389 390 -1.2627496800188254
390 390 4.1814088946467276
391 390 -1.1502874210355383
188 391 -0.3913535717315150
202 391 -0.2613638769794674
382 391 0.0205085452803435
386 391 -0.1883987388147441
390 391 -1.1502874210355383
391 391 1.9708950632809215
263 392 -0.4442438083956619
264 392 -0.8324638829935311
377 392 -0.5517949164472687
381 392 -0.6256306376927474
392 392 3.5271240014448741
393 392 -0.6685246435571225
396 392 -0.4044661123585429
291 393 -0.5852674949571608
377 393 -0.5763101455476072
378 393 -0.5270549693464041
392 393 -0.6685246435571225
393 393 3.4866556590962485
396 393 -0.4582517507201939
411 393 -0.6712466549677599
118 394 -0.0139492528282954
119 394 -0.9871104444202369
394 394 1.8430563609487731
402 394 -0.1026642144781622
406 394 -0.5633177174786279
415 394 -0.1760147317434508
176 395 -0.1464904081350027
177 395 -0.9175841416307340
236 395 -0.2198421924289030
307 395 -0.2778867454607957
395 395 3.6411458677671393
400 395 -0.1721357019258922
403 395 -0.7461460771679466
404 395 -0.5272244618902119
407 395 -0.6338361391276532
264 396 -0.7547517131587166
265 396 -0.3148303120531304
392 396 -0.4044661123585428
393 396 -0.4582517507201940
396 396 3.4745085738318142
401 396 -0.4658840328656834
411 396 -0.4143441262168289
414 396 -0.6619805264587179
352 397 -0.5346295989836570
397 397 3.7235764313116455
408 397 -0.7513777852459600
410 397 -0.8445296247528612
412 397 -1.0161925858415071
413 397 -0.5768468364876604
172 398 -0.4440162723665795
173 398 -0.3324285619063132
203 398 -0.7997301101196551
398 398 3.5740384066506565
400 398 -0.1745950296934849
402 398 -0.2451973735185445
406 398 -0.7231921405014402
409 398 -0.8548789185446390
303 399 -0.8251163753729138
399 399 3.6814794135513935
404 399 -0.5825506270670050
405 399 -0.7076146508666471
407 399 -0.8932959297597709
413 399 -0.6729018304850570
203 400 -0.6377797919011921
204 400 -0.3315184861831511
229 400 -0.4010713299825971
395 400 -0.1721357019258922
398 400 -0.1745950296934849
400 400 3.4440155394313003
403 400 -0.6145483182462701
404 400 -0.5695745043183563
409 400 -0.5427923771803572
265 401 -0.6515176802660926
266 401 -0.5598420358285091
396 401 -0.4658840328656834
401 401 3.5626979485947814
408 401 -0.6252880399942941
410 401 -0.4806925497178143
414 401 -0.7794736099223883
119 402 -1.0197912838443557
120 402 -0.3504437486493308
175 402 -0.3864828785239008
394 402 -0.1026642144781622
398 402 -0.2451973735185445
402 402 3.6668181525537125
406 402 -0.8371185996389928
409 402 -0.7251200539004253
175 403 -0.4881348406267628
176 403 -0.9053761943457963
395 403 -0.7461460771679466
400 403 -0.6145483182462701
403 403 3.7949619343664143
409 403 -1.0407565039796383
229 404 -0.7158954093045403
303 404 -0.4664305686288633
395 404 -0.5272244618902119
399 404 -0.5825506270670051
400 404 -0.5695745043183563
404 404 3.6108973463438740
407 404 -0.7492217751348966
303 405 -0.4638022658534027
304 405 -0.3561510518143628
306 405 -0.6918075559094407
353 405 -0.3124513587768138
399 405 -0.7076146508666471
405 405 3.4900855170912606
412 405 -0.7138058257372092
413 405 -0.2444528081333839
173 406 -0.6225355261943493
394 406 -0.5633177174786278
398 406 -0.7231921405014403
402 406 -0.8371185996389928
406 406 3.6817490793093985
415 406 -0.9355850954959882
307 407 -0.9315131973485298
395 407 -0.6338361391276532
399 407 -0.8932959297597710
404 407 -0.7492217751348967
407 407 3.7408178287656346
413 407 -0.5329507873947839
266 408 -0.5270182598205035
307 408 -0.7018456493546487
397 408 -0.7513777852459600
401 408 -0.6252880399942939
408 408 3.5458501850990172
410 408 -0.5101851394811134
413 408 -0.4301353112024970
175 409 -0.5880780002936691
398 409 -0.8548789185446390
400 409 -0.5427923771803572
402 409 -0.7251200539004252
403 409 -1.0407565039796383
409 409 3.7516258538987288
298 410 -0.5912743187327911
352 410 -0.4061881045016691
397 410 -0.8445296247528612
401 410 -0.4806925497178143
408 410 -0.5101851394811135
410 410 3.5632288729146580
414 410 -0.7303591357284090
291 411 -0.5776752867166849
293 411 -0.5728144851848429
298 411 -0.4779918990392170
393 411 -0.6712466549677600
396 411 -0.4143441262168289
411 411 3.5337851993907998
414 411 -0.8197127472654661
352 412 -0.5230174458487837
353 412 -0.8683445652957165
397 412 -1.0161925858415071
405 412 -0.7138058257372092
412 412 3.7367365160217543
413 412 -0.6153760932985378
307 413 -0.4095075997573877
397 413 -0.5768468364876606
399 413 -0.6729018304850570
405 413 -0.2444528081333838
407 413 -0.5329507873947839
408 413 -0.4301353112024970
412 413 -0.6153760932985378
413 413 3.4821712667593077
298 414 -0.6705954108846929
396 414 -0.6619805264587177
401 414 -0.7794736099223883
410 414 -0.7303591357284090
411 414 -0.8197127472654661
414 414 3.6621214302596736
105 415 -0.2237958186604523
173 415 -0.4728456979757051
394 415 -0.1760147317434508
406 415 -0.9355850954959882
415 415 1.8082413438755964
