768 768 2934
1 1 -13.4890000000000008
2 1 376.9900000000000091
487 1 -1.0000000000000000
489 1 1.0000000000000000
1 2 -376.9900000000000091
2 2 -13.4890000000000008
488 2 -1.0000000000000000
490 2 1.0000000000000000
3 3 -13.4890000000000008
4 3 376.9900000000000091
487 3 -1.0000000000000000
489 3 1.0000000000000000
3 4 -376.9900000000000091
4 4 -13.4890000000000008
488 4 -1.0000000000000000
490 4 1.0000000000000000
5 5 -13.3689999999999998
6 5 376.9900000000000091
487 5 -1.0000000000000000
491 5 1.0000000000000000
5 6 -376.9900000000000091
6 6 -13.3689999999999998
488 6 -1.0000000000000000
492 6 1.0000000000000000
7 7 -13.3689999999999998
8 7 376.9900000000000091
487 7 -1.0000000000000000
493 7 1.0000000000000000
7 8 -376.9900000000000091
8 8 -13.3689999999999998
488 8 -1.0000000000000000
494 8 1.0000000000000000
9 9 -13.3689999999999998
10 9 376.9900000000000091
487 9 -1.0000000000000000
493 9 1.0000000000000000
9 10 -376.9900000000000091
10 10 -13.3689999999999998
488 10 -1.0000000000000000
494 10 1.0000000000000000
11 11 -13.4890000000000008
12 11 376.9900000000000091
491 11 1.0000000000000000
495 11 -1.0000000000000000
11 12 -376.9900000000000091
12 12 -13.4890000000000008
492 12 1.0000000000000000
496 12 -1.0000000000000000
13 13 -13.4890000000000008
14 13 376.9900000000000091
495 13 -1.0000000000000000
497 13 1.0000000000000000
13 14 -376.9900000000000091
14 14 -13.4890000000000008
496 14 -1.0000000000000000
498 14 1.0000000000000000
15 15 -13.3699999999999992
16 15 376.9900000000000091
493 15 1.0000000000000000
495 15 -1.0000000000000000
15 16 -376.9900000000000091
16 16 -13.3699999999999992
494 16 1.0000000000000000
496 16 -1.0000000000000000
17 17 -13.2260000000000009
18 17 376.9900000000000091
499 17 -1.0000000000000000
501 17 1.0000000000000000
17 18 -376.9900000000000091
18 18 -13.2260000000000009
500 18 -1.0000000000000000
502 18 1.0000000000000000
19 19 -13.2260000000000009
20 19 376.9900000000000091
499 19 -1.0000000000000000
503 19 1.0000000000000000
19 20 -376.9900000000000091
20 20 -13.2260000000000009
500 20 -1.0000000000000000
504 20 1.0000000000000000
21 21 -13.2260000000000009
22 21 376.9900000000000091
499 21 -1.0000000000000000
505 21 1.0000000000000000
21 22 -376.9900000000000091
22 22 -13.2260000000000009
500 22 -1.0000000000000000
506 22 1.0000000000000000
23 23 -13.2260000000000009
24 23 376.9900000000000091
499 23 -1.0000000000000000
505 23 1.0000000000000000
23 24 -376.9900000000000091
24 24 -13.2260000000000009
500 24 -1.0000000000000000
506 24 1.0000000000000000
25 25 -12.9199999999999999
26 25 376.9900000000000091
507 25 -1.0000000000000000
509 25 1.0000000000000000
25 26 -376.9900000000000091
26 26 -12.9199999999999999
508 26 -1.0000000000000000
510 26 1.0000000000000000
27 27 -12.9199999999999999
28 27 376.9900000000000091
507 27 -1.0000000000000000
511 27 1.0000000000000000
27 28 -376.9900000000000091
28 28 -12.9199999999999999
508 28 -1.0000000000000000
512 28 1.0000000000000000
29 29 -12.9199999999999999
30 29 376.9900000000000091
507 29 -1.0000000000000000
513 29 1.0000000000000000
29 30 -376.9900000000000091
30 30 -12.9199999999999999
508 30 -1.0000000000000000
514 30 1.0000000000000000
31 31 -12.9190000000000005
32 31 376.9900000000000091
507 31 -1.0000000000000000
515 31 1.0000000000000000
31 32 -376.9900000000000091
32 32 -12.9190000000000005
508 32 -1.0000000000000000
516 32 1.0000000000000000
33 33 -13.3689999999999998
34 33 376.9900000000000091
511 33 1.0000000000000000
517 33 -1.0000000000000000
33 34 -376.9900000000000091
34 34 -13.3689999999999998
512 34 1.0000000000000000
518 34 -1.0000000000000000
35 35 -13.3689999999999998
36 35 376.9900000000000091
517 35 1.0000000000000000
519 35 -1.0000000000000000
35 36 -376.9900000000000091
36 36 -13.3689999999999998
518 36 1.0000000000000000
520 36 -1.0000000000000000
37 37 -13.3689999999999998
38 37 376.9900000000000091
515 37 1.0000000000000000
519 37 -1.0000000000000000
37 38 -376.9900000000000091
38 38 -13.3689999999999998
516 38 1.0000000000000000
520 38 -1.0000000000000000
39 39 -13.3689999999999998
40 39 376.9900000000000091
519 39 -1.0000000000000000
521 39 1.0000000000000000
39 40 -376.9900000000000091
40 40 -13.3689999999999998
520 40 -1.0000000000000000
522 40 1.0000000000000000
41 41 -13.3689999999999998
42 41 376.9900000000000091
489 41 1.0000000000000000
519 41 -1.0000000000000000
41 42 -376.9900000000000091
42 42 -13.3689999999999998
490 42 1.0000000000000000
520 42 -1.0000000000000000
43 43 -13.4890000000000008
44 43 376.9900000000000091
491 43 1.0000000000000000
523 43 -1.0000000000000000
43 44 -376.9900000000000091
44 44 -13.4890000000000008
492 44 1.0000000000000000
524 44 -1.0000000000000000
45 45 -13.3689999999999998
46 45 376.9900000000000091
523 45 -1.0000000000000000
525 45 1.0000000000000000
45 46 -376.9900000000000091
46 46 -13.3689999999999998
524 46 -1.0000000000000000
526 46 1.0000000000000000
47 47 -13.3689999999999998
48 47 376.9900000000000091
527 47 -1.0000000000000000
529 47 1.0000000000000000
47 48 -376.9900000000000091
48 48 -13.3689999999999998
528 48 -1.0000000000000000
530 48 1.0000000000000000
49 49 -12.9190000000000005
50 49 376.9900000000000091
531 49 -1.0000000000000000
533 49 1.0000000000000000
49 50 -376.9900000000000091
50 50 -12.9190000000000005
532 50 -1.0000000000000000
534 50 1.0000000000000000
51 51 -12.9199999999999999
52 51 376.9900000000000091
515 51 1.0000000000000000
531 51 -1.0000000000000000
51 52 -376.9900000000000091
52 52 -12.9199999999999999
516 52 1.0000000000000000
532 52 -1.0000000000000000
53 53 -12.9199999999999999
54 53 376.9900000000000091
525 53 1.0000000000000000
531 53 -1.0000000000000000
53 54 -376.9900000000000091
54 54 -12.9199999999999999
526 54 1.0000000000000000
532 54 -1.0000000000000000
55 55 -12.9199999999999999
56 55 376.9900000000000091
533 55 1.0000000000000000
535 55 -1.0000000000000000
55 56 -376.9900000000000091
56 56 -12.9199999999999999
534 56 1.0000000000000000
536 56 -1.0000000000000000
57 57 -12.9199999999999999
58 57 376.9900000000000091
501 57 1.0000000000000000
535 57 -1.0000000000000000
57 58 -376.9900000000000091
58 58 -12.9199999999999999
502 58 1.0000000000000000
536 58 -1.0000000000000000
59 59 -12.9199999999999999
60 59 376.9900000000000091
501 59 1.0000000000000000
535 59 -1.0000000000000000
59 60 -376.9900000000000091
60 60 -12.9199999999999999
502 60 1.0000000000000000
536 60 -1.0000000000000000
61 61 -13.0299999999999994
62 61 376.9900000000000091
509 61 1.0000000000000000
535 61 -1.0000000000000000
61 62 -376.9900000000000091
62 62 -13.0299999999999994
510 62 1.0000000000000000
536 62 -1.0000000000000000
63 63 -13.0299999999999994
64 63 376.9900000000000091
509 63 1.0000000000000000
535 63 -1.0000000000000000
63 64 -376.9900000000000091
64 64 -13.0299999999999994
510 64 1.0000000000000000
536 64 -1.0000000000000000
65 65 -13.3689999999999998
66 65 376.9900000000000091
497 65 -1.0000000000000000
527 65 1.0000000000000000
65 66 -376.9900000000000091
66 66 -13.3689999999999998
498 66 -1.0000000000000000
528 66 1.0000000000000000
67 67 -13.3689999999999998
68 67 376.9900000000000091
497 67 -1.0000000000000000
537 67 1.0000000000000000
67 68 -376.9900000000000091
68 68 -13.3689999999999998
498 68 -1.0000000000000000
538 68 1.0000000000000000
69 69 -13.3689999999999998
70 69 376.9900000000000091
489 69 -1.0000000000000000
521 69 1.0000000000000000
69 70 -376.9900000000000091
70 70 -13.3689999999999998
490 70 -1.0000000000000000
522 70 1.0000000000000000
71 71 -12.9199999999999999
72 71 376.9900000000000091
503 71 -1.0000000000000000
525 71 1.0000000000000000
71 72 -376.9900000000000091
72 72 -12.9199999999999999
504 72 -1.0000000000000000
526 72 1.0000000000000000
73 73 -12.9199999999999999
74 73 376.9900000000000091
501 73 1.0000000000000000
503 73 -1.0000000000000000
73 74 -376.9900000000000091
74 74 -12.9199999999999999
502 74 1.0000000000000000
504 74 -1.0000000000000000
75 75 -12.9199999999999999
76 75 376.9900000000000091
503 75 -1.0000000000000000
533 75 1.0000000000000000
75 76 -376.9900000000000091
76 76 -12.9199999999999999
504 76 -1.0000000000000000
534 76 1.0000000000000000
77 77 -13.2260000000000009
78 77 376.9900000000000091
505 77 -1.0000000000000000
539 77 1.0000000000000000
77 78 -376.9900000000000091
78 78 -13.2260000000000009
506 78 -1.0000000000000000
540 78 1.0000000000000000
79 79 -13.2260000000000009
80 79 376.9900000000000091
505 79 -1.0000000000000000
539 79 1.0000000000000000
79 80 -376.9900000000000091
80 80 -13.2260000000000009
506 80 -1.0000000000000000
540 80 1.0000000000000000
81 81 -12.9199999999999999
82 81 376.9900000000000091
509 81 -1.0000000000000000
541 81 1.0000000000000000
81 82 -376.9900000000000091
82 82 -12.9199999999999999
510 82 -1.0000000000000000
542 82 1.0000000000000000
83 83 -13.3689999999999998
84 83 376.9900000000000091
493 83 1.0000000000000000
543 83 -1.0000000000000000
83 84 -376.9900000000000091
84 84 -13.3689999999999998
494 84 1.0000000000000000
544 84 -1.0000000000000000
85 85 -13.3689999999999998
86 85 376.9900000000000091
493 85 1.0000000000000000
543 85 -1.0000000000000000
85 86 -376.9900000000000091
86 86 -13.3689999999999998
494 86 1.0000000000000000
544 86 -1.0000000000000000
87 87 -35.1920000000000002
88 87 376.9900000000000091
545 87 -1.0000000000000000
547 87 1.0000000000000000
87 88 -376.9900000000000091
88 88 -35.1920000000000002
546 88 -1.0000000000000000
548 88 1.0000000000000000
89 89 -33.0050000000000026
90 89 376.9900000000000091
549 89 -1.0000000000000000
551 89 1.0000000000000000
89 90 -376.9900000000000091
90 90 -33.0050000000000026
550 90 -1.0000000000000000
552 90 1.0000000000000000
91 91 -44.5900000000000034
92 91 376.9900000000000091
553 91 -1.0000000000000000
555 91 1.0000000000000000
91 92 -376.9900000000000091
92 92 -44.5900000000000034
554 92 -1.0000000000000000
556 92 1.0000000000000000
93 93 -34.0319999999999965
94 93 376.9900000000000091
557 93 -1.0000000000000000
559 93 1.0000000000000000
93 94 -376.9900000000000091
94 94 -34.0319999999999965
558 94 -1.0000000000000000
560 94 1.0000000000000000
95 95 -34.3340000000000032
96 95 376.9900000000000091
557 95 -1.0000000000000000
561 95 1.0000000000000000
95 96 -376.9900000000000091
96 96 -34.3340000000000032
558 96 -1.0000000000000000
562 96 1.0000000000000000
97 97 -44.3149999999999977
98 97 376.9900000000000091
563 97 -1.0000000000000000
565 97 1.0000000000000000
97 98 -376.9900000000000091
98 98 -44.3149999999999977
564 98 -1.0000000000000000
566 98 1.0000000000000000
99 99 -44.3149999999999977
100 99 376.9900000000000091
563 99 -1.0000000000000000
567 99 1.0000000000000000
99 100 -376.9900000000000091
100 100 -44.3149999999999977
564 100 -1.0000000000000000
568 100 1.0000000000000000
101 101 -27.6630000000000003
102 101 376.9900000000000091
563 101 -1.0000000000000000
569 101 1.0000000000000000
101 102 -376.9900000000000091
102 102 -27.6630000000000003
564 102 -1.0000000000000000
570 102 1.0000000000000000
103 103 -27.6630000000000003
104 103 376.9900000000000091
563 103 -1.0000000000000000
571 103 1.0000000000000000
103 104 -376.9900000000000091
104 104 -27.6630000000000003
564 104 -1.0000000000000000
572 104 1.0000000000000000
105 105 -44.3170000000000002
106 105 376.9900000000000091
573 105 -1.0000000000000000
575 105 1.0000000000000000
105 106 -376.9900000000000091
106 106 -44.3170000000000002
574 106 -1.0000000000000000
576 106 1.0000000000000000
107 107 -44.3170000000000002
108 107 376.9900000000000091
575 107 1.0000000000000000
577 107 -1.0000000000000000
107 108 -376.9900000000000091
108 108 -44.3170000000000002
576 108 1.0000000000000000
578 108 -1.0000000000000000
109 109 -27.6619999999999990
110 109 376.9900000000000091
575 109 1.0000000000000000
579 109 -1.0000000000000000
109 110 -376.9900000000000091
110 110 -27.6619999999999990
576 110 1.0000000000000000
580 110 -1.0000000000000000
111 111 -27.6619999999999990
112 111 376.9900000000000091
575 111 1.0000000000000000
581 111 -1.0000000000000000
111 112 -376.9900000000000091
112 112 -27.6619999999999990
576 112 1.0000000000000000
582 112 -1.0000000000000000
113 113 -34.5150000000000006
114 113 376.9900000000000091
559 113 1.0000000000000000
583 113 -1.0000000000000000
113 114 -376.9900000000000091
114 114 -34.5150000000000006
560 114 1.0000000000000000
584 114 -1.0000000000000000
115 115 -34.5579999999999998
116 115 376.9900000000000091
583 115 -1.0000000000000000
585 115 1.0000000000000000
115 116 -376.9900000000000091
116 116 -34.5579999999999998
584 116 -1.0000000000000000
586 116 1.0000000000000000
117 117 -34.6009999999999991
118 117 376.9900000000000091
545 117 1.0000000000000000
583 117 -1.0000000000000000
117 118 -376.9900000000000091
118 118 -34.6009999999999991
546 118 1.0000000000000000
584 118 -1.0000000000000000
119 119 -45.5210000000000008
120 119 376.9900000000000091
587 119 -1.0000000000000000
589 119 1.0000000000000000
119 120 -376.9900000000000091
120 120 -45.5210000000000008
588 120 -1.0000000000000000
590 120 1.0000000000000000
121 121 -44.1099999999999994
122 121 376.9900000000000091
587 121 -1.0000000000000000
591 121 1.0000000000000000
121 122 -376.9900000000000091
122 122 -44.1099999999999994
588 122 -1.0000000000000000
592 122 1.0000000000000000
123 123 -33.6030000000000015
124 123 376.9900000000000091
549 123 1.0000000000000000
561 123 -1.0000000000000000
123 124 -376.9900000000000091
124 124 -33.6030000000000015
550 124 1.0000000000000000
562 124 -1.0000000000000000
125 125 -33.6169999999999973
126 125 376.9900000000000091
551 125 1.0000000000000000
561 125 -1.0000000000000000
125 126 -376.9900000000000091
126 126 -33.6169999999999973
552 126 1.0000000000000000
562 126 -1.0000000000000000
127 127 -35.2049999999999983
128 127 376.9900000000000091
561 127 -1.0000000000000000
593 127 1.0000000000000000
127 128 -376.9900000000000091
128 128 -35.2049999999999983
562 128 -1.0000000000000000
594 128 1.0000000000000000
129 129 -33.0050000000000026
130 129 376.9900000000000091
551 129 1.0000000000000000
595 129 -1.0000000000000000
129 130 -376.9900000000000091
130 130 -33.0050000000000026
552 130 1.0000000000000000
596 130 -1.0000000000000000
131 131 -52.7890000000000015
132 131 376.9900000000000091
597 131 -1.0000000000000000
599 131 1.0000000000000000
131 132 -376.9900000000000091
132 132 -52.7890000000000015
598 132 -1.0000000000000000
600 132 1.0000000000000000
133 133 -0.9395400000000000
134 133 376.9900000000000091
487 133 -1.0000000000000000
133 134 -376.9900000000000091
134 134 -0.9395400000000000
488 134 -1.0000000000000000
135 135 -0.9424800000000000
136 135 376.9900000000000091
495 135 -1.0000000000000000
135 136 -376.9900000000000091
136 136 -0.9424800000000000
496 136 -1.0000000000000000
137 137 -0.9424800000000000
138 137 376.9900000000000091
499 137 -1.0000000000000000
137 138 -376.9900000000000091
138 138 -0.9424800000000000
500 138 -1.0000000000000000
139 139 -0.9424800000000000
140 139 376.9900000000000091
507 139 -1.0000000000000000
139 140 -376.9900000000000091
140 140 -0.9424800000000000
508 140 -1.0000000000000000
141 141 -0.9424800000000000
142 141 376.9900000000000091
517 141 -1.0000000000000000
141 142 -376.9900000000000091
142 142 -0.9424800000000000
518 142 -1.0000000000000000
143 143 -0.9424800000000000
144 143 376.9900000000000091
519 143 -1.0000000000000000
143 144 -376.9900000000000091
144 144 -0.9424800000000000
520 144 -1.0000000000000000
145 145 -0.9424800000000000
146 145 376.9900000000000091
527 145 -1.0000000000000000
145 146 -376.9900000000000091
146 146 -0.9424800000000000
528 146 -1.0000000000000000
147 147 -0.9424800000000000
148 147 376.9900000000000091
491 147 -1.0000000000000000
147 148 -376.9900000000000091
148 148 -0.9424800000000000
492 148 -1.0000000000000000
149 149 -0.9424800000000000
150 149 376.9900000000000091
523 149 -1.0000000000000000
149 150 -376.9900000000000091
150 150 -0.9424800000000000
524 150 -1.0000000000000000
151 151 -0.9424800000000000
152 151 376.9900000000000091
539 151 -1.0000000000000000
151 152 -376.9900000000000091
152 152 -0.9424800000000000
540 152 -1.0000000000000000
153 153 -0.9424800000000000
154 153 376.9900000000000091
515 153 -1.0000000000000000
153 154 -376.9900000000000091
154 154 -0.9424800000000000
516 154 -1.0000000000000000
155 155 -0.9416099999999999
156 155 376.9900000000000091
531 155 -1.0000000000000000
155 156 -376.9900000000000091
156 156 -0.9416099999999999
532 156 -1.0000000000000000
157 157 -0.9424800000000000
158 157 376.9900000000000091
535 157 -1.0000000000000000
157 158 -376.9900000000000091
158 158 -0.9424800000000000
536 158 -1.0000000000000000
159 159 -0.9424800000000000
160 159 376.9900000000000091
529 159 -1.0000000000000000
159 160 -376.9900000000000091
160 160 -0.9424800000000000
530 160 -1.0000000000000000
161 161 -0.9424800000000000
162 161 376.9900000000000091
497 161 -1.0000000000000000
161 162 -376.9900000000000091
162 162 -0.9424800000000000
498 162 -1.0000000000000000
163 163 -0.9424800000000000
164 163 376.9900000000000091
533 163 -1.0000000000000000
163 164 -376.9900000000000091
164 164 -0.9424800000000000
534 164 -1.0000000000000000
165 165 -0.9395400000000000
166 165 376.9900000000000091
489 165 -1.0000000000000000
165 166 -376.9900000000000091
166 166 -0.9395400000000000
490 166 -1.0000000000000000
167 167 -0.9424800000000000
168 167 376.9900000000000091
501 167 -1.0000000000000000
167 168 -376.9900000000000091
168 168 -0.9424800000000000
502 168 -1.0000000000000000
169 169 -0.9418800000000001
170 169 376.9900000000000091
595 169 -1.0000000000000000
169 170 -376.9900000000000091
170 170 -0.9418800000000001
596 170 -1.0000000000000000
171 171 -0.9424800000000000
172 171 376.9900000000000091
503 171 -1.0000000000000000
171 172 -376.9900000000000091
172 172 -0.9424800000000000
504 172 -1.0000000000000000
173 173 -7910.1000000000003638
174 173 376.9900000000000091
229 173 -439520.0000000000000000
263 173 -3485.0999999999999091
367 173 -1433.5999999999999091
447 173 316830.0000000000000000
173 174 -376.9900000000000091
174 174 -7910.1000000000003638
230 174 -439520.0000000000000000
264 174 -3485.0999999999999091
368 174 -1433.5999999999999091
448 174 316830.0000000000000000
175 175 -0.9424800000000000
176 175 376.9900000000000091
505 175 -1.0000000000000000
175 176 -376.9900000000000091
176 176 -0.9424800000000000
506 176 -1.0000000000000000
177 177 -0.9395400000000000
178 177 376.9900000000000091
493 177 -1.0000000000000000
177 178 -376.9900000000000091
178 178 -0.9395400000000000
494 178 -1.0000000000000000
179 179 -0.9424800000000000
180 179 376.9900000000000091
525 179 -1.0000000000000000
179 180 -376.9900000000000091
180 180 -0.9424800000000000
526 180 -1.0000000000000000
181 181 -0.9424800000000000
182 181 376.9900000000000091
537 181 -1.0000000000000000
181 182 -376.9900000000000091
182 182 -0.9424800000000000
538 182 -1.0000000000000000
183 183 -88469.0000000000000000
184 183 376.9900000000000091
185 183 -44453.0000000000000000
321 183 -1591.4000000000000909
465 183 42137.0000000000000000
545 183 1.0000000000000000
183 184 -376.9900000000000091
184 184 -88469.0000000000000000
186 184 -44453.0000000000000000
322 184 -1591.4000000000000909
466 184 42137.0000000000000000
546 184 1.0000000000000000
183 185 -88433.0000000000000000
185 185 -44488.0000000000000000
186 185 376.9900000000000091
321 185 -1591.4000000000000909
465 185 42137.0000000000000000
601 185 1.0000000000000000
184 186 -88433.0000000000000000
185 186 -376.9900000000000091
186 186 -44488.0000000000000000
322 186 -1591.4000000000000909
466 186 42137.0000000000000000
602 186 1.0000000000000000
187 187 -29.4510000000000005
188 187 376.9900000000000091
603 187 -1.0000000000000000
605 187 1.0000000000000000
187 188 -376.9900000000000091
188 188 -29.4510000000000005
604 188 -1.0000000000000000
606 188 1.0000000000000000
189 189 -316060.0000000000000000
190 189 376.9900000000000091
245 189 222.7299999999999898
341 189 1572.9000000000000909
603 189 -1.0000000000000000
189 190 -376.9900000000000091
190 190 -316060.0000000000000000
246 190 222.7299999999999898
342 190 1572.9000000000000909
604 190 -1.0000000000000000
191 191 -74024.0000000000000000
192 191 376.9900000000000091
251 191 146.0000000000000000
351 191 1599.2000000000000455
553 191 -1.0000000000000000
191 192 -376.9900000000000091
192 192 -74024.0000000000000000
252 192 146.0000000000000000
352 192 1599.2000000000000455
554 192 -1.0000000000000000
193 193 -56.6809999999999974
194 193 376.9900000000000091
553 193 -1.0000000000000000
607 193 1.0000000000000000
193 194 -376.9900000000000091
194 194 -56.6809999999999974
554 194 -1.0000000000000000
608 194 1.0000000000000000
196 195 376.9900000000000091
607 195 -1.0000000000000000
609 195 1.0000000000000000
195 196 -376.9900000000000091
608 196 -1.0000000000000000
610 196 1.0000000000000000
197 197 -34.4829999999999970
198 197 376.9900000000000091
585 197 -1.0000000000000000
611 197 1.0000000000000000
197 198 -376.9900000000000091
198 198 -34.4829999999999970
586 198 -1.0000000000000000
612 198 1.0000000000000000
200 199 376.9900000000000091
585 199 -1.0000000000000000
613 199 1.0000000000000000
199 200 -376.9900000000000091
586 200 -1.0000000000000000
614 200 1.0000000000000000
202 201 376.9900000000000091
591 201 -1.0000000000000000
615 201 1.0000000000000000
201 202 -376.9900000000000091
592 202 -1.0000000000000000
616 202 1.0000000000000000
203 203 -348760.0000000000000000
204 203 376.9900000000000091
355 203 1587.4000000000000909
617 203 -1.0000000000000000
203 204 -376.9900000000000091
204 204 -348760.0000000000000000
356 204 1587.4000000000000909
618 204 -1.0000000000000000
205 205 -27.2519999999999989
206 205 376.9900000000000091
617 205 -1.0000000000000000
619 205 1.0000000000000000
205 206 -376.9900000000000091
206 206 -27.2519999999999989
618 206 -1.0000000000000000
620 206 1.0000000000000000
207 207 -208180.0000000000000000
208 207 376.9900000000000091
271 207 398.6399999999999864
383 207 1580.2999999999999545
617 207 -1.0000000000000000
207 208 -376.9900000000000091
208 208 -208180.0000000000000000
272 208 398.6399999999999864
384 208 1580.2999999999999545
618 208 -1.0000000000000000
209 209 -39021.0000000000000000
210 209 376.9900000000000091
221 209 29528.0000000000000000
247 209 -381.0400000000000205
347 209 -1419.9000000000000909
621 209 1.0000000000000000
209 210 -376.9900000000000091
210 210 -39021.0000000000000000
222 210 29528.0000000000000000
248 210 -381.0400000000000205
348 210 -1419.9000000000000909
622 210 1.0000000000000000
212 211 376.9900000000000091
593 211 -1.0000000000000000
623 211 1.0000000000000000
211 212 -376.9900000000000091
594 212 -1.0000000000000000
624 212 1.0000000000000000
213 213 -25133.0000000000000000
214 213 376.9900000000000091
565 213 25133.0000000000000000
573 213 -25133.0000000000000000
213 214 -376.9900000000000091
214 214 -25133.0000000000000000
566 214 25133.0000000000000000
574 214 -25133.0000000000000000
215 215 -25133.0000000000000000
216 215 376.9900000000000091
567 215 25133.0000000000000000
577 215 -25133.0000000000000000
215 216 -376.9900000000000091
216 216 -25133.0000000000000000
568 216 25133.0000000000000000
578 216 -25133.0000000000000000
217 217 -25133.0000000000000000
218 217 376.9900000000000091
569 217 25133.0000000000000000
579 217 -25133.0000000000000000
217 218 -376.9900000000000091
218 218 -25133.0000000000000000
570 218 25133.0000000000000000
580 218 -25133.0000000000000000
219 219 -25133.0000000000000000
220 219 376.9900000000000091
571 219 25133.0000000000000000
581 219 -25133.0000000000000000
219 220 -376.9900000000000091
220 220 -25133.0000000000000000
572 220 25133.0000000000000000
582 220 -25133.0000000000000000
209 221 38988.0000000000000000
221 221 -29561.0000000000000000
222 221 376.9900000000000091
247 221 381.0400000000000205
347 221 1419.9000000000000909
595 221 -1.0000000000000000
210 222 38988.0000000000000000
221 222 -376.9900000000000091
222 222 -29561.0000000000000000
248 222 381.0400000000000205
348 222 1419.9000000000000909
596 222 -1.0000000000000000
224 223 376.9900000000000091
595 223 -1.0000000000000000
625 223 1.0000000000000000
223 224 -376.9900000000000091
596 224 -1.0000000000000000
626 224 1.0000000000000000
226 225 376.9900000000000091
559 225 -1.0000000000000000
627 225 1.0000000000000000
225 226 -376.9900000000000091
560 226 -1.0000000000000000
628 226 1.0000000000000000
228 227 376.9900000000000091
547 227 -1.0000000000000000
629 227 1.0000000000000000
227 228 -376.9900000000000091
548 228 -1.0000000000000000
630 228 1.0000000000000000
173 229 -7909.1999999999998181
229 229 -439520.0000000000000000
230 229 376.9900000000000091
263 229 -3485.0999999999999091
367 229 -1433.5999999999999091
447 229 316830.0000000000000000
631 229 1.0000000000000000
174 230 -7909.1999999999998181
229 230 -376.9900000000000091
230 230 -439520.0000000000000000
264 230 -3485.0999999999999091
368 230 -1433.5999999999999091
448 230 316830.0000000000000000
632 230 1.0000000000000000
232 231 376.9900000000000091
555 231 -1.0000000000000000
633 231 1.0000000000000000
231 232 -376.9900000000000091
556 232 -1.0000000000000000
634 232 1.0000000000000000
234 233 376.9900000000000091
611 233 -1.0000000000000000
635 233 1.0000000000000000
233 234 -376.9900000000000091
612 234 -1.0000000000000000
636 234 1.0000000000000000
235 235 -150.5699999999999932
236 235 376.9900000000000091
319 235 -1795.7999999999999545
467 235 7279.0000000000000000
235 236 -376.9900000000000091
236 236 -150.5699999999999932
320 236 -1795.7999999999999545
468 236 7279.0000000000000000
238 237 376.9900000000000091
545 237 -1.0000000000000000
237 238 -376.9900000000000091
546 238 -1.0000000000000000
239 239 -195.3199999999999932
240 239 376.9900000000000091
331 239 -1799.0999999999999091
473 239 10717.0000000000000000
239 240 -376.9900000000000091
240 240 -195.3199999999999932
332 240 -1799.0999999999999091
474 240 10717.0000000000000000
241 241 -205.4000000000000057
242 241 376.9900000000000091
333 241 -1560.5000000000000000
453 241 19852.0000000000000000
241 242 -376.9900000000000091
242 242 -205.4000000000000057
334 242 -1560.5000000000000000
454 242 19852.0000000000000000
244 243 376.9900000000000091
599 243 -1.0000000000000000
243 244 -376.9900000000000091
600 244 -1.0000000000000000
189 245 316030.0000000000000000
245 245 -222.7299999999999898
246 245 376.9900000000000091
341 245 -1572.9000000000000909
190 246 316030.0000000000000000
245 246 -376.9900000000000091
246 246 -222.7299999999999898
342 246 -1572.9000000000000909
209 247 -38988.0000000000000000
221 247 29528.0000000000000000
247 247 -381.0400000000000205
248 247 376.9900000000000091
347 247 -1419.9000000000000909
210 248 -38988.0000000000000000
222 248 29528.0000000000000000
247 248 -376.9900000000000091
248 248 -381.0400000000000205
348 248 -1419.9000000000000909
250 249 376.9900000000000091
593 249 -1.0000000000000000
249 250 -376.9900000000000091
594 250 -1.0000000000000000
191 251 73989.0000000000000000
251 251 -146.0000000000000000
252 251 376.9900000000000091
351 251 -1599.2000000000000455
192 252 73989.0000000000000000
251 252 -376.9900000000000091
252 252 -146.0000000000000000
352 252 -1599.2000000000000455
254 253 376.9900000000000091
583 253 -1.0000000000000000
253 254 -376.9900000000000091
584 254 -1.0000000000000000
255 255 -56.1659999999999968
256 255 376.9900000000000091
357 255 -1749.0999999999999091
479 255 6521.1000000000003638
255 256 -376.9900000000000091
256 256 -56.1659999999999968
358 256 -1749.0999999999999091
480 256 6521.1000000000003638
258 257 376.9900000000000091
561 257 -1.0000000000000000
257 258 -376.9900000000000091
562 258 -1.0000000000000000
260 259 376.9900000000000091
547 259 -1.0000000000000000
259 260 -376.9900000000000091
548 260 -1.0000000000000000
262 261 376.9900000000000091
559 261 -1.0000000000000000
261 262 -376.9900000000000091
560 262 -1.0000000000000000
173 263 -7909.1999999999998181
229 263 -439520.0000000000000000
263 263 -3485.0999999999999091
264 263 376.9900000000000091
367 263 -1433.5999999999999091
447 263 316830.0000000000000000
174 264 -7909.1999999999998181
230 264 -439520.0000000000000000
263 264 -376.9900000000000091
264 264 -3485.0999999999999091
368 264 -1433.5999999999999091
448 264 316830.0000000000000000
266 265 376.9900000000000091
597 265 -1.0000000000000000
265 266 -376.9900000000000091
598 266 -1.0000000000000000
267 267 -188.4799999999999898
268 267 376.9900000000000091
379 267 -1525.0000000000000000
455 267 7441.5000000000000000
267 268 -376.9900000000000091
268 268 -188.4799999999999898
380 268 -1525.0000000000000000
456 268 7441.5000000000000000
270 269 376.9900000000000091
611 269 -1.0000000000000000
269 270 -376.9900000000000091
612 270 -1.0000000000000000
207 271 208150.0000000000000000
271 271 -398.6399999999999864
272 271 376.9900000000000091
383 271 -1580.2999999999999545
208 272 208150.0000000000000000
271 272 -376.9900000000000091
272 272 -398.6399999999999864
384 272 -1580.2999999999999545
274 273 376.9900000000000091
603 273 -1.0000000000000000
273 274 -376.9900000000000091
604 274 -1.0000000000000000
276 275 376.9900000000000091
599 275 -1.0000000000000000
275 276 -376.9900000000000091
600 276 -1.0000000000000000
277 277 -188.4399999999999977
278 277 376.9900000000000091
427 277 2019.2000000000000455
277 278 -376.9900000000000091
278 278 -188.4399999999999977
428 278 2019.2000000000000455
280 279 376.9900000000000091
615 279 -1.0000000000000000
279 280 -376.9900000000000091
616 280 -1.0000000000000000
282 281 376.9900000000000091
623 281 -1.0000000000000000
281 282 -376.9900000000000091
624 282 -1.0000000000000000
284 283 376.9900000000000091
645 283 -1.0000000000000000
283 284 -376.9900000000000091
646 284 -1.0000000000000000
286 285 376.9900000000000091
647 285 -1.0000000000000000
285 286 -376.9900000000000091
648 286 -1.0000000000000000
288 287 376.9900000000000091
609 287 -1.0000000000000000
287 288 -376.9900000000000091
610 288 -1.0000000000000000
290 289 376.9900000000000091
635 289 -1.0000000000000000
289 290 -376.9900000000000091
636 290 -1.0000000000000000
292 291 376.9900000000000091
649 291 -1.0000000000000000
291 292 -376.9900000000000091
650 292 -1.0000000000000000
294 293 376.9900000000000091
651 293 -1.0000000000000000
293 294 -376.9900000000000091
652 294 -1.0000000000000000
296 295 376.9900000000000091
653 295 -1.0000000000000000
295 296 -376.9900000000000091
654 296 -1.0000000000000000
298 297 376.9900000000000091
655 297 -1.0000000000000000
297 298 -376.9900000000000091
656 298 -1.0000000000000000
300 299 376.9900000000000091
657 299 -1.0000000000000000
299 300 -376.9900000000000091
658 300 -1.0000000000000000
302 301 376.9900000000000091
621 301 -1.0000000000000000
301 302 -376.9900000000000091
622 302 -1.0000000000000000
304 303 376.9900000000000091
625 303 -1.0000000000000000
303 304 -376.9900000000000091
626 304 -1.0000000000000000
306 305 376.9900000000000091
631 305 -1.0000000000000000
305 306 -376.9900000000000091
632 306 -1.0000000000000000
308 307 376.9900000000000091
629 307 -1.0000000000000000
307 308 -376.9900000000000091
630 308 -1.0000000000000000
310 309 376.9900000000000091
633 309 -1.0000000000000000
309 310 -376.9900000000000091
634 310 -1.0000000000000000
312 311 376.9900000000000091
613 311 -1.0000000000000000
311 312 -376.9900000000000091
614 312 -1.0000000000000000
314 313 376.9900000000000091
627 313 -1.0000000000000000
313 314 -376.9900000000000091
628 314 -1.0000000000000000
316 315 376.9900000000000091
619 315 -1.0000000000000000
315 316 -376.9900000000000091
620 316 -1.0000000000000000
318 317 376.9900000000000091
637 317 -1.0000000000000000
317 318 -376.9900000000000091
638 318 -1.0000000000000000
235 319 -150.5699999999999932
319 319 -1795.7999999999999545
320 319 376.9900000000000091
467 319 7279.0000000000000000
236 320 -150.5699999999999932
319 320 -376.9900000000000091
320 320 -1795.7999999999999545
468 320 7279.0000000000000000
183 321 -88433.0000000000000000
185 321 -44453.0000000000000000
321 321 -1591.4000000000000909
322 321 376.9900000000000091
465 321 42137.0000000000000000
184 322 -88433.0000000000000000
186 322 -44453.0000000000000000
321 322 -376.9900000000000091
322 322 -1591.4000000000000909
466 322 42137.0000000000000000
324 323 376.9900000000000091
545 323 -1.0000000000000000
323 324 -376.9900000000000091
546 324 -1.0000000000000000
326 325 376.9900000000000091
549 325 -1.0000000000000000
325 326 -376.9900000000000091
550 326 -1.0000000000000000
328 327 376.9900000000000091
551 327 -1.0000000000000000
327 328 -376.9900000000000091
552 328 -1.0000000000000000
330 329 376.9900000000000091
639 329 -1.0000000000000000
329 330 -376.9900000000000091
640 330 -1.0000000000000000
239 331 -195.3199999999999932
331 331 -1799.0999999999999091
332 331 376.9900000000000091
473 331 10717.0000000000000000
240 332 -195.3199999999999932
331 332 -376.9900000000000091
332 332 -1799.0999999999999091
474 332 10717.0000000000000000
241 333 -205.4000000000000057
333 333 -1560.5000000000000000
334 333 376.9900000000000091
453 333 19852.0000000000000000
242 334 -205.4000000000000057
333 334 -376.9900000000000091
334 334 -1560.5000000000000000
454 334 19852.0000000000000000
336 335 376.9900000000000091
607 335 -1.0000000000000000
335 336 -376.9900000000000091
608 336 -1.0000000000000000
337 337 -1955.2000000000000455
338 337 376.9900000000000091
433 337 17763.0000000000000000
437 337 -33462.0000000000000000
337 338 -376.9900000000000091
338 338 -1955.2000000000000455
434 338 17763.0000000000000000
438 338 -33462.0000000000000000
340 339 376.9900000000000091
599 339 -1.0000000000000000
339 340 -376.9900000000000091
600 340 -1.0000000000000000
189 341 316030.0000000000000000
245 341 -222.7299999999999898
341 341 -1572.9000000000000909
342 341 376.9900000000000091
190 342 316030.0000000000000000
246 342 -222.7299999999999898
341 342 -376.9900000000000091
342 342 -1572.9000000000000909
344 343 376.9900000000000091
585 343 -1.0000000000000000
343 344 -376.9900000000000091
586 344 -1.0000000000000000
346 345 376.9900000000000091
591 345 -1.0000000000000000
345 346 -376.9900000000000091
592 346 -1.0000000000000000
209 347 -38988.0000000000000000
221 347 29528.0000000000000000
247 347 -381.0400000000000205
347 347 -1419.9000000000000909
348 347 376.9900000000000091
210 348 -38988.0000000000000000
222 348 29528.0000000000000000
248 348 -381.0400000000000205
347 348 -376.9900000000000091
348 348 -1419.9000000000000909
350 349 376.9900000000000091
593 349 -1.0000000000000000
349 350 -376.9900000000000091
594 350 -1.0000000000000000
191 351 73989.0000000000000000
251 351 -146.0000000000000000
351 351 -1599.2000000000000455
352 351 376.9900000000000091
192 352 73989.0000000000000000
252 352 -146.0000000000000000
351 352 -376.9900000000000091
352 352 -1599.2000000000000455
354 353 376.9900000000000091
583 353 -1.0000000000000000
353 354 -376.9900000000000091
584 354 -1.0000000000000000
203 355 348730.0000000000000000
355 355 -1587.4000000000000909
356 355 376.9900000000000091
204 356 348730.0000000000000000
355 356 -376.9900000000000091
356 356 -1587.4000000000000909
255 357 -56.1659999999999968
357 357 -1749.0999999999999091
358 357 376.9900000000000091
479 357 6521.1000000000003638
256 358 -56.1659999999999968
357 358 -376.9900000000000091
358 358 -1749.0999999999999091
480 358 6521.1000000000003638
360 359 376.9900000000000091
605 359 -1.0000000000000000
359 360 -376.9900000000000091
606 360 -1.0000000000000000
362 361 376.9900000000000091
561 361 -1.0000000000000000
361 362 -376.9900000000000091
562 362 -1.0000000000000000
364 363 376.9900000000000091
559 363 -1.0000000000000000
363 364 -376.9900000000000091
560 364 -1.0000000000000000
366 365 376.9900000000000091
547 365 -1.0000000000000000
365 366 -376.9900000000000091
548 366 -1.0000000000000000
173 367 -7909.1999999999998181
229 367 -439520.0000000000000000
263 367 -3485.0999999999999091
367 367 -1433.5999999999999091
368 367 376.9900000000000091
447 367 316830.0000000000000000
174 368 -7909.1999999999998181
230 368 -439520.0000000000000000
264 368 -3485.0999999999999091
367 368 -376.9900000000000091
368 368 -1433.5999999999999091
448 368 316830.0000000000000000
370 369 376.9900000000000091
641 369 -1.0000000000000000
369 370 -376.9900000000000091
642 370 -1.0000000000000000
372 371 376.9900000000000091
601 371 -1.0000000000000000
371 372 -376.9900000000000091
602 372 -1.0000000000000000
374 373 376.9900000000000091
597 373 -1.0000000000000000
373 374 -376.9900000000000091
598 374 -1.0000000000000000
376 375 376.9900000000000091
555 375 -1.0000000000000000
375 376 -376.9900000000000091
556 376 -1.0000000000000000
378 377 376.9900000000000091
575 377 -1.0000000000000000
377 378 -376.9900000000000091
576 378 -1.0000000000000000
267 379 -188.4799999999999898
379 379 -1525.0000000000000000
380 379 376.9900000000000091
455 379 7441.5000000000000000
268 380 -188.4799999999999898
379 380 -376.9900000000000091
380 380 -1525.0000000000000000
456 380 7441.5000000000000000
382 381 376.9900000000000091
611 381 -1.0000000000000000
381 382 -376.9900000000000091
612 382 -1.0000000000000000
207 383 208150.0000000000000000
271 383 -398.6399999999999864
383 383 -1580.2999999999999545
384 383 376.9900000000000091
208 384 208150.0000000000000000
272 384 -398.6399999999999864
383 384 -376.9900000000000091
384 384 -1580.2999999999999545
385 385 -13.3729999999999993
386 385 376.9900000000000091
529 385 1.0000000000000000
543 385 -1.0000000000000000
385 386 -376.9900000000000091
386 386 -13.3729999999999993
530 386 1.0000000000000000
544 386 -1.0000000000000000
388 387 376.9900000000000091
391 387 1.0000000000000000
495 387 -0.0299320000000000
387 388 -376.9900000000000091
392 388 1.0000000000000000
496 388 -0.0299320000000000
390 389 376.9900000000000091
391 389 -1.0000000000000000
389 390 -376.9900000000000091
392 390 -1.0000000000000000
387 391 -1117700.0000000000000000
389 391 6787.6999999999998181
392 391 376.9900000000000091
388 392 -1117700.0000000000000000
390 392 6787.6999999999998181
391 392 -376.9900000000000091
394 393 376.9900000000000091
397 393 1.0000000000000000
491 393 -0.0299320000000000
393 394 -376.9900000000000091
398 394 1.0000000000000000
492 394 -0.0299320000000000
396 395 376.9900000000000091
397 395 -1.0000000000000000
395 396 -376.9900000000000091
398 396 -1.0000000000000000
393 397 -1117700.0000000000000000
395 397 6450.6000000000003638
398 397 376.9900000000000091
394 398 -1117700.0000000000000000
396 398 6450.6000000000003638
397 398 -376.9900000000000091
400 399 376.9900000000000091
403 399 1.0000000000000000
523 399 -0.0299320000000000
399 400 -376.9900000000000091
404 400 1.0000000000000000
524 400 -0.0299320000000000
402 401 376.9900000000000091
403 401 -1.0000000000000000
401 402 -376.9900000000000091
404 402 -1.0000000000000000
399 403 -1117700.0000000000000000
401 403 19760.0000000000000000
404 403 376.9900000000000091
400 404 -1117700.0000000000000000
402 404 19760.0000000000000000
403 404 -376.9900000000000091
406 405 376.9900000000000091
409 405 1.0000000000000000
533 405 -0.0299320000000000
405 406 -376.9900000000000091
410 406 1.0000000000000000
534 406 -0.0299320000000000
408 407 376.9900000000000091
409 407 -1.0000000000000000
407 408 -376.9900000000000091
410 408 -1.0000000000000000
405 409 -1117700.0000000000000000
407 409 9688.0000000000000000
410 409 376.9900000000000091
406 410 -1117700.0000000000000000
408 410 9688.0000000000000000
409 410 -376.9900000000000091
412 411 376.9900000000000091
415 411 1.0000000000000000
489 411 -0.0299320000000000
411 412 -376.9900000000000091
416 412 1.0000000000000000
490 412 -0.0299320000000000
414 413 376.9900000000000091
415 413 -1.0000000000000000
413 414 -376.9900000000000091
416 414 -1.0000000000000000
411 415 -1117700.0000000000000000
413 415 22005.0000000000000000
416 415 376.9900000000000091
412 416 -1117700.0000000000000000
414 416 22005.0000000000000000
415 416 -376.9900000000000091
418 417 376.9900000000000091
421 417 1.0000000000000000
493 417 -0.0299320000000000
417 418 -376.9900000000000091
422 418 1.0000000000000000
494 418 -0.0299320000000000
420 419 376.9900000000000091
421 419 -1.0000000000000000
419 420 -376.9900000000000091
422 420 -1.0000000000000000
417 421 -1117700.0000000000000000
419 421 8121.8000000000001819
422 421 376.9900000000000091
418 422 -1117700.0000000000000000
420 422 8121.8000000000001819
421 422 -376.9900000000000091
423 423 -6.4997999999999996
424 423 376.9900000000000091
529 423 -1.0000000000000000
653 423 53.2539999999999978
423 424 -376.9900000000000091
424 424 -6.4997999999999996
530 424 -1.0000000000000000
654 424 53.2539999999999978
425 425 -5.1799999999999997
426 425 376.9900000000000091
543 425 -1.0000000000000000
643 425 2.3331000000000000
425 426 -376.9900000000000091
426 426 -5.1799999999999997
544 426 -1.0000000000000000
644 426 2.3331000000000000
277 427 300.5000000000000000
427 427 -3229.8000000000001819
428 427 376.9900000000000091
643 427 -1.0000000000000000
278 428 300.5000000000000000
427 428 -376.9900000000000091
428 428 -3229.8000000000001819
644 428 -1.0000000000000000
429 429 -2.0543999999999998
430 429 376.9900000000000091
527 429 -1.0000000000000000
655 429 53.2539999999999978
429 430 -376.9900000000000091
430 430 -2.0543999999999998
528 430 -1.0000000000000000
656 430 53.2539999999999978
431 431 -8.9053000000000004
432 431 376.9900000000000091
537 431 -1.0000000000000000
657 431 53.2539999999999978
431 432 -376.9900000000000091
432 432 -8.9053000000000004
538 432 -1.0000000000000000
658 432 53.2539999999999978
337 433 5925.8999999999996362
433 433 -53844.0000000000000000
434 433 376.9900000000000091
437 433 101420.0000000000000000
539 433 -1.0000000000000000
338 434 5925.8999999999996362
433 434 -376.9900000000000091
434 434 -53844.0000000000000000
438 434 101420.0000000000000000
540 434 -1.0000000000000000
435 435 -5.4276999999999997
436 435 376.9900000000000091
539 435 -1.0000000000000000
659 435 3.0308000000000002
435 436 -376.9900000000000091
436 436 -5.4276999999999997
540 436 -1.0000000000000000
660 436 3.0308000000000002
337 437 -1955.2000000000000455
433 437 17763.0000000000000000
437 437 -33474.0000000000000000
438 437 376.9900000000000091
649 437 16.3309999999999995
338 438 -1955.2000000000000455
434 438 17763.0000000000000000
437 438 -376.9900000000000091
438 438 -33474.0000000000000000
650 438 16.3309999999999995
439 439 -12.1980000000000004
440 439 376.9900000000000091
651 439 16.3309999999999995
659 439 -1.0000000000000000
439 440 -376.9900000000000091
440 440 -12.1980000000000004
652 440 16.3309999999999995
660 440 -1.0000000000000000
441 441 -13.7620000000000005
442 441 376.9900000000000091
549 441 -1.0000000000000000
645 441 21.8389999999999986
441 442 -376.9900000000000091
442 442 -13.7620000000000005
550 442 -1.0000000000000000
646 442 21.8389999999999986
443 443 -14.5549999999999997
444 443 376.9900000000000091
551 443 -1.0000000000000000
647 443 21.8389999999999986
443 444 -376.9900000000000091
444 444 -14.5549999999999997
552 444 -1.0000000000000000
648 444 21.8389999999999986
445 445 -5.8718000000000004
446 445 376.9900000000000091
501 445 -1.0000000000000000
595 445 2.4476000000000000
445 446 -376.9900000000000091
446 446 -5.8718000000000004
502 446 -1.0000000000000000
596 446 2.4476000000000000
173 447 19359.0000000000000000
229 447 1075800.0000000000000000
263 447 8530.1000000000003638
367 447 3508.8000000000001819
447 447 -775480.0000000000000000
448 447 376.9900000000000091
503 447 -1.0000000000000000
174 448 19359.0000000000000000
230 448 1075800.0000000000000000
264 448 8530.1000000000003638
368 448 3508.8000000000001819
447 448 -376.9900000000000091
448 448 -775480.0000000000000000
504 448 -1.0000000000000000
449 449 -12.5649999999999995
450 449 376.9900000000000091
487 449 -1.0000000000000000
589 449 2.3338999999999999
449 450 -376.9900000000000091
450 450 -12.5649999999999995
488 450 -1.0000000000000000
590 450 2.3338999999999999
451 451 -7.7858000000000001
452 451 376.9900000000000091
521 451 -1.0000000000000000
639 451 5.9062000000000001
451 452 -376.9900000000000091
452 452 -7.7858000000000001
522 452 -1.0000000000000000
640 452 5.9062000000000001
241 453 914.8600000000000136
333 453 6950.6000000000003638
453 453 -88431.0000000000000000
454 453 376.9900000000000091
491 453 -1.0000000000000000
242 454 914.8600000000000136
334 454 6950.6000000000003638
453 454 -376.9900000000000091
454 454 -88431.0000000000000000
492 454 -1.0000000000000000
267 455 851.1100000000000136
379 455 6886.5000000000000000
455 455 -33612.0000000000000000
456 455 376.9900000000000091
525 455 -1.0000000000000000
268 456 851.1100000000000136
380 456 6886.5000000000000000
455 456 -376.9900000000000091
456 456 -33612.0000000000000000
526 456 -1.0000000000000000
457 457 -6.6906999999999996
458 457 376.9900000000000091
505 457 -1.0000000000000000
641 457 2.3331000000000000
457 458 -376.9900000000000091
458 458 -6.6906999999999996
506 458 -1.0000000000000000
642 458 2.3331000000000000
459 459 -6.0175999999999998
460 459 376.9900000000000091
499 459 -1.0000000000000000
637 459 4.5568000000000000
459 460 -376.9900000000000091
460 460 -6.0175999999999998
500 460 -1.0000000000000000
638 460 4.5568000000000000
461 461 -5.7468000000000004
462 461 376.9900000000000091
517 461 -1.0000000000000000
603 461 2.3331000000000000
461 462 -376.9900000000000091
462 462 -5.7468000000000004
518 462 -1.0000000000000000
604 462 2.3331000000000000
463 463 -5.7468000000000004
464 463 376.9900000000000091
511 463 -1.0000000000000000
617 463 2.3331000000000000
463 464 -376.9900000000000091
464 464 -5.7468000000000004
512 464 -1.0000000000000000
618 464 2.3331000000000000
183 465 206330.0000000000000000
185 465 103710.0000000000000000
321 465 3713.0999999999999091
465 465 -98318.0000000000000000
466 465 376.9900000000000091
507 465 -1.0000000000000000
184 466 206330.0000000000000000
186 466 103710.0000000000000000
322 466 3713.0999999999999091
465 466 -376.9900000000000091
466 466 -98318.0000000000000000
508 466 -1.0000000000000000
235 467 481.3799999999999955
319 467 5741.1999999999998181
467 467 -23277.0000000000000000
468 467 376.9900000000000091
507 467 -1.0000000000000000
236 468 481.3799999999999955
320 468 5741.1999999999998181
467 468 -376.9900000000000091
468 468 -23277.0000000000000000
508 468 -1.0000000000000000
469 469 -9.3298000000000005
470 469 376.9900000000000091
515 469 -1.0000000000000000
585 469 2.3338999999999999
469 470 -376.9900000000000091
470 470 -9.3298000000000005
516 470 -1.0000000000000000
586 470 2.3338999999999999
471 471 -9.3298000000000005
472 471 376.9900000000000091
519 471 -1.0000000000000000
553 471 2.3338999999999999
471 472 -376.9900000000000091
472 472 -9.3298000000000005
520 472 -1.0000000000000000
554 472 2.3338999999999999
239 473 624.4500000000000455
331 473 5751.8999999999996362
473 473 -34268.0000000000000000
474 473 376.9900000000000091
513 473 -1.0000000000000000
240 474 624.4500000000000455
332 474 5751.8999999999996362
473 474 -376.9900000000000091
474 474 -34268.0000000000000000
514 474 -1.0000000000000000
475 475 -3.9346000000000001
476 475 376.9900000000000091
509 475 -1.0000000000000000
597 475 3.1949999999999998
475 476 -376.9900000000000091
476 476 -3.9346000000000001
510 476 -1.0000000000000000
598 476 3.1949999999999998
477 477 -6.3395000000000001
478 477 376.9900000000000091
535 477 -1.0000000000000000
563 477 2.3441999999999998
477 478 -376.9900000000000091
478 478 -6.3395000000000001
536 478 -1.0000000000000000
564 478 2.3441999999999998
255 479 184.0800000000000125
357 479 5732.6000000000003638
479 479 -21376.0000000000000000
480 479 376.9900000000000091
535 479 -1.0000000000000000
256 480 184.0800000000000125
358 480 5732.6000000000003638
479 480 -376.9900000000000091
480 480 -21376.0000000000000000
536 480 -1.0000000000000000
481 481 -12.5690000000000008
482 481 376.9900000000000091
533 481 -1.0000000000000000
561 481 2.3331000000000000
481 482 -376.9900000000000091
482 482 -12.5690000000000008
534 482 -1.0000000000000000
562 482 2.3331000000000000
483 483 -6.5172999999999996
484 483 376.9900000000000091
541 483 -1.0000000000000000
599 483 3.1949999999999998
483 484 -376.9900000000000091
484 484 -6.5172999999999996
542 484 -1.0000000000000000
600 484 3.1949999999999998
485 485 -3.1147000000000000
486 485 376.9900000000000091
531 485 -1.0000000000000000
557 485 2.3334000000000001
485 486 -376.9900000000000091
486 486 -3.1147000000000000
532 486 -1.0000000000000000
558 486 2.3334000000000001
1 487 629900.0000000000000000
3 487 629900.0000000000000000
5 487 2993800.0000000000000000
7 487 782800.0000000000000000
9 487 782800.0000000000000000
133 487 102290.0000000000000000
449 487 658790.0000000000000000
488 487 376.9900000000000091
2 488 629900.0000000000000000
4 488 629900.0000000000000000
6 488 2993800.0000000000000000
8 488 782800.0000000000000000
10 488 782800.0000000000000000
134 488 102290.0000000000000000
450 488 658790.0000000000000000
487 488 -376.9900000000000091
1 489 -666610.0000000000000000
3 489 -666610.0000000000000000
41 489 -711010.0000000000000000
69 489 992290.0000000000000000
165 489 108250.0000000000000000
411 489 16221000.0000000000000000
490 489 376.9900000000000091
735 489 156700.0000000000000000
739 489 156700.0000000000000000
741 489 10.1929999999999996
2 490 -666610.0000000000000000
4 490 -666610.0000000000000000
42 490 -711010.0000000000000000
70 490 992290.0000000000000000
166 490 108250.0000000000000000
412 490 16221000.0000000000000000
489 490 -376.9900000000000091
736 490 156700.0000000000000000
740 490 156700.0000000000000000
741 490 81.2729999999999961
5 491 -6312400.0000000000000000
11 491 -1525100.0000000000000000
43 491 -1845700.0000000000000000
147 491 143880.0000000000000000
393 491 32318000.0000000000000000
453 491 746310.0000000000000000
492 491 376.9900000000000091
681 491 312190.0000000000000000
685 491 312190.0000000000000000
687 491 70.5480000000000018
6 492 -6312400.0000000000000000
12 492 -1525100.0000000000000000
44 492 -1845700.0000000000000000
148 492 143880.0000000000000000
394 492 32318000.0000000000000000
454 492 746310.0000000000000000
491 492 -376.9900000000000091
682 492 312190.0000000000000000
686 492 312190.0000000000000000
687 492 142.6899999999999977
7 493 -790900.0000000000000000
9 493 -790900.0000000000000000
15 493 -5388100.0000000000000000
83 493 -620210.0000000000000000
85 493 -620210.0000000000000000
177 493 103350.0000000000000000
417 493 15486000.0000000000000000
494 493 376.9900000000000091
753 493 149600.0000000000000000
757 493 149600.0000000000000000
759 493 17.2040000000000006
8 494 -790900.0000000000000000
10 494 -790900.0000000000000000
16 494 -5388100.0000000000000000
84 494 -620210.0000000000000000
86 494 -620210.0000000000000000
178 494 103350.0000000000000000
418 494 15486000.0000000000000000
493 494 -376.9900000000000091
754 494 149600.0000000000000000
758 494 149600.0000000000000000
759 494 77.2270000000000039
11 495 1530100.0000000000000000
13 495 1656400.0000000000000000
15 495 11281000.0000000000000000
135 495 72177.0000000000000000
387 495 32424000.0000000000000000
496 495 376.9900000000000091
663 495 313220.0000000000000000
667 495 313220.0000000000000000
669 495 89.8439999999999941
12 496 1530100.0000000000000000
14 496 1656400.0000000000000000
16 496 11281000.0000000000000000
136 496 72177.0000000000000000
388 496 32424000.0000000000000000
495 496 -376.9900000000000091
664 496 313220.0000000000000000
668 496 313220.0000000000000000
669 496 138.1399999999999864
13 497 -1830700.0000000000000000
65 497 3836200.0000000000000000
67 497 3381000.0000000000000000
161 497 79768.0000000000000000
498 497 376.9900000000000091
14 498 -1830700.0000000000000000
66 498 3836200.0000000000000000
68 498 3381000.0000000000000000
162 498 79768.0000000000000000
497 498 -376.9900000000000091
17 499 1331700.0000000000000000
19 499 1250300.0000000000000000
21 499 1023000.0000000000000000
23 499 1023000.0000000000000000
137 499 45877.0000000000000000
459 499 1141000.0000000000000000
500 499 376.9900000000000091
18 500 1331700.0000000000000000
20 500 1250300.0000000000000000
22 500 1023000.0000000000000000
24 500 1023000.0000000000000000
138 500 45877.0000000000000000
460 500 1141000.0000000000000000
499 500 -376.9900000000000091
17 501 -1076600.0000000000000000
57 501 -468950.0000000000000000
59 501 -468950.0000000000000000
73 501 -2962200.0000000000000000
167 501 74177.0000000000000000
445 501 1460700.0000000000000000
502 501 376.9900000000000091
18 502 -1076600.0000000000000000
58 502 -468950.0000000000000000
60 502 -468950.0000000000000000
74 502 -2962200.0000000000000000
168 502 74177.0000000000000000
446 502 1460700.0000000000000000
501 502 -376.9900000000000091
19 503 -1101000.0000000000000000
71 503 783760.0000000000000000
73 503 3226500.0000000000000000
75 503 473330.0000000000000000
171 503 40398.0000000000000000
447 503 3420900.0000000000000000
504 503 376.9900000000000091
20 504 -1101000.0000000000000000
72 504 783760.0000000000000000
74 504 3226500.0000000000000000
76 504 473330.0000000000000000
172 504 40398.0000000000000000
448 504 3420900.0000000000000000
503 504 -376.9900000000000091
21 505 -896790.0000000000000000
23 505 -896790.0000000000000000
77 505 857800.0000000000000000
79 505 857800.0000000000000000
175 505 40218.0000000000000000
457 505 1441700.0000000000000000
506 505 376.9900000000000091
22 506 -896790.0000000000000000
24 506 -896790.0000000000000000
78 506 857800.0000000000000000
80 506 857800.0000000000000000
176 506 40218.0000000000000000
458 506 1441700.0000000000000000
505 506 -376.9900000000000091
25 507 6812400.0000000000000000
27 507 30656000.0000000000000000
29 507 10218000.0000000000000000
31 507 22991000.0000000000000000
139 507 76766.0000000000000000
465 507 14345000.0000000000000000
467 507 9819400.0000000000000000
508 507 376.9900000000000091
26 508 6812400.0000000000000000
28 508 30656000.0000000000000000
30 508 10218000.0000000000000000
32 508 22991000.0000000000000000
140 508 76766.0000000000000000
466 508 14345000.0000000000000000
468 508 9819400.0000000000000000
507 508 -376.9900000000000091
25 509 -4064500.0000000000000000
61 509 -3990500.0000000000000000
63 509 -3990500.0000000000000000
81 509 6013200.0000000000000000
475 509 4812500.0000000000000000
510 509 376.9900000000000091
26 510 -4064500.0000000000000000
62 510 -3990500.0000000000000000
64 510 -3990500.0000000000000000
82 510 6013200.0000000000000000
476 510 4812500.0000000000000000
509 510 -376.9900000000000091
27 511 -101580000.0000000000000000
33 511 -55313000.0000000000000000
463 511 50750000.0000000000000000
512 511 376.9900000000000091
28 512 -101580000.0000000000000000
34 512 -55313000.0000000000000000
464 512 50750000.0000000000000000
511 512 -376.9900000000000091
29 513 -32643000.0000000000000000
473 513 16616000.0000000000000000
514 513 376.9900000000000091
30 514 -32643000.0000000000000000
474 514 16616000.0000000000000000
513 514 -376.9900000000000091
31 515 -17796000.0000000000000000
37 515 -14152000.0000000000000000
51 515 -2476000.0000000000000000
153 515 59420.0000000000000000
469 515 8910300.0000000000000000
516 515 376.9900000000000091
32 516 -17796000.0000000000000000
38 516 -14152000.0000000000000000
52 516 -2476000.0000000000000000
154 516 59420.0000000000000000
470 516 8910300.0000000000000000
515 516 -376.9900000000000091
33 517 27622000.0000000000000000
35 517 -13663000.0000000000000000
141 517 127030.0000000000000000
461 517 25344000.0000000000000000
518 517 376.9900000000000091
34 518 27622000.0000000000000000
36 518 -13663000.0000000000000000
142 518 127030.0000000000000000
462 518 25344000.0000000000000000
517 518 -376.9900000000000091
35 519 4066800.0000000000000000
37 519 9005100.0000000000000000
39 519 4848800.0000000000000000
41 519 1489000.0000000000000000
143 519 151240.0000000000000000
471 519 5669600.0000000000000000
520 519 376.9900000000000091
36 520 4066800.0000000000000000
38 520 9005100.0000000000000000
40 520 4848800.0000000000000000
42 520 1489000.0000000000000000
144 520 151240.0000000000000000
472 520 5669600.0000000000000000
519 520 -376.9900000000000091
39 521 -8709100.0000000000000000
69 521 -3732500.0000000000000000
451 521 1930800.0000000000000000
522 521 376.9900000000000091
40 522 -8709100.0000000000000000
70 522 -3732500.0000000000000000
452 522 1930800.0000000000000000
521 522 -376.9900000000000091
43 523 2904000.0000000000000000
45 523 4838400.0000000000000000
149 523 226370.0000000000000000
399 523 50847000.0000000000000000
524 523 376.9900000000000091
699 523 491180.0000000000000000
703 523 491180.0000000000000000
705 523 96.7690000000000055
44 524 2904000.0000000000000000
46 524 4838400.0000000000000000
150 524 226370.0000000000000000
400 524 50847000.0000000000000000
523 524 -376.9900000000000091
700 524 491180.0000000000000000
704 524 491180.0000000000000000
705 524 227.5500000000000114
45 525 -2803500.0000000000000000
53 525 -1698800.0000000000000000
71 525 -1272400.0000000000000000
179 525 65582.0000000000000000
455 525 1652400.0000000000000000
526 525 376.9900000000000091
46 526 -2803500.0000000000000000
54 526 -1698800.0000000000000000
72 526 -1272400.0000000000000000
180 526 65582.0000000000000000
456 526 1652400.0000000000000000
525 526 -376.9900000000000091
47 527 4378100.0000000000000000
65 527 -6525200.0000000000000000
145 527 135680.0000000000000000
429 527 6398100.0000000000000000
528 527 376.9900000000000091
48 528 4378100.0000000000000000
66 528 -6525200.0000000000000000
146 528 135680.0000000000000000
430 528 6398100.0000000000000000
527 528 -376.9900000000000091
47 529 -7351500.0000000000000000
159 529 227830.0000000000000000
385 529 -142480000.0000000000000000
423 529 67980000.0000000000000000
530 529 376.9900000000000091
48 530 -7351500.0000000000000000
160 530 227830.0000000000000000
386 530 -142480000.0000000000000000
424 530 67980000.0000000000000000
529 530 -376.9900000000000091
49 531 11362000.0000000000000000
51 531 1679600.0000000000000000
53 531 2088200.0000000000000000
155 531 120890.0000000000000000
485 531 2014200.0000000000000000
532 531 376.9900000000000091
50 532 11362000.0000000000000000
52 532 1679600.0000000000000000
54 532 2088200.0000000000000000
156 532 120890.0000000000000000
486 532 2014200.0000000000000000
531 532 -376.9900000000000091
49 533 -10863000.0000000000000000
55 533 -13680000.0000000000000000
75 533 -903110.0000000000000000
163 533 77079.0000000000000000
405 533 17313000.0000000000000000
481 533 4679100.0000000000000000
534 533 376.9900000000000091
717 533 334490.0000000000000000
721 533 334490.0000000000000000
723 533 28.2070000000000007
50 534 -10863000.0000000000000000
56 534 -13680000.0000000000000000
76 534 -903110.0000000000000000
164 534 77079.0000000000000000
406 534 17313000.0000000000000000
482 534 4679100.0000000000000000
533 534 -376.9900000000000091
718 534 334490.0000000000000000
722 534 334490.0000000000000000
723 534 182.0200000000000102
55 535 6486900.0000000000000000
57 535 462130.0000000000000000
59 535 462130.0000000000000000
61 535 1592200.0000000000000000
63 535 1592200.0000000000000000
157 535 73099.0000000000000000
477 535 3351700.0000000000000000
479 535 1444000.0000000000000000
536 535 376.9900000000000091
56 536 6486900.0000000000000000
58 536 462130.0000000000000000
60 536 462130.0000000000000000
62 536 1592200.0000000000000000
64 536 1592200.0000000000000000
158 536 73099.0000000000000000
478 536 3351700.0000000000000000
480 536 1444000.0000000000000000
535 536 -376.9900000000000091
67 537 -12532000.0000000000000000
181 537 147830.0000000000000000
431 537 20145000.0000000000000000
538 537 376.9900000000000091
68 538 -12532000.0000000000000000
182 538 147830.0000000000000000
432 538 20145000.0000000000000000
537 538 -376.9900000000000091
77 539 -1678300.0000000000000000
79 539 -1678300.0000000000000000
151 539 78688.0000000000000000
433 539 2170100.0000000000000000
435 539 6510200.0000000000000000
540 539 376.9900000000000091
78 540 -1678300.0000000000000000
80 540 -1678300.0000000000000000
152 540 78688.0000000000000000
434 540 2170100.0000000000000000
436 540 6510200.0000000000000000
539 540 -376.9900000000000091
81 541 -33031000.0000000000000000
483 541 31625000.0000000000000000
542 541 376.9900000000000091
82 542 -33031000.0000000000000000
484 542 31625000.0000000000000000
541 542 -376.9900000000000091
83 543 1142700.0000000000000000
85 543 1142700.0000000000000000
385 543 39720000.0000000000000000
425 543 7932000.0000000000000000
544 543 376.9900000000000091
84 544 1142700.0000000000000000
86 544 1142700.0000000000000000
386 544 39720000.0000000000000000
426 544 7932000.0000000000000000
543 544 -376.9900000000000091
87 545 9542900.0000000000000000
117 545 -14104000.0000000000000000
183 545 -79466000.0000000000000000
237 545 122590.0000000000000000
323 545 1418700.0000000000000000
545 545 -889.2899999999999636
546 545 376.9900000000000091
88 546 9542900.0000000000000000
118 546 -14104000.0000000000000000
184 546 -79466000.0000000000000000
238 546 122590.0000000000000000
324 546 1418700.0000000000000000
545 546 -376.9900000000000091
546 546 -889.2899999999999636
87 547 -11737000.0000000000000000
227 547 14735000.0000000000000000
259 547 244070.0000000000000000
365 547 1657300.0000000000000000
547 547 -1010.7000000000000455
548 547 376.9900000000000091
88 548 -11737000.0000000000000000
228 548 14735000.0000000000000000
260 548 244070.0000000000000000
366 548 1657300.0000000000000000
547 548 -376.9900000000000091
548 548 -1010.7000000000000455
89 549 1904200.0000000000000000
123 549 -791110.0000000000000000
325 549 254980.0000000000000000
441 549 2377600.0000000000000000
549 549 -168.1599999999999966
550 549 376.9900000000000091
90 550 1904200.0000000000000000
124 550 -791110.0000000000000000
326 550 254980.0000000000000000
442 550 2377600.0000000000000000
549 550 -376.9900000000000091
550 550 -168.1599999999999966
89 551 -3164100.0000000000000000
125 551 -704290.0000000000000000
129 551 -1294400.0000000000000000
327 551 534890.0000000000000000
443 551 3309700.0000000000000000
551 551 -359.7500000000000000
552 551 376.9900000000000091
90 552 -3164100.0000000000000000
126 552 -704290.0000000000000000
130 552 -1294400.0000000000000000
328 552 534890.0000000000000000
444 552 3309700.0000000000000000
551 552 -376.9900000000000091
552 552 -359.7500000000000000
91 553 17717000.0000000000000000
191 553 38010000.0000000000000000
193 553 67600000.0000000000000000
471 553 -27845000.0000000000000000
554 553 376.9900000000000091
92 554 17717000.0000000000000000
192 554 38010000.0000000000000000
194 554 67600000.0000000000000000
472 554 -27845000.0000000000000000
553 554 -376.9900000000000091
91 555 -28171000.0000000000000000
231 555 10911000.0000000000000000
375 555 5098300.0000000000000000
555 555 -3110.0000000000000000
556 555 376.9900000000000091
92 556 -28171000.0000000000000000
232 556 10911000.0000000000000000
376 556 5098300.0000000000000000
555 556 -376.9900000000000091
556 556 -3110.0000000000000000
93 557 18679000.0000000000000000
95 557 24614000.0000000000000000
485 557 -7704800.0000000000000000
558 557 376.9900000000000091
94 558 18679000.0000000000000000
96 558 24614000.0000000000000000
486 558 -7704800.0000000000000000
557 558 -376.9900000000000091
93 559 -15063000.0000000000000000
113 559 -8496400.0000000000000000
225 559 7350500.0000000000000000
261 559 39331.0000000000000000
363 559 2154400.0000000000000000
559 559 -1334.5000000000000000
560 559 376.9900000000000091
94 560 -15063000.0000000000000000
114 560 -8496400.0000000000000000
226 560 7350500.0000000000000000
262 560 39331.0000000000000000
364 560 2154400.0000000000000000
559 560 -376.9900000000000091
560 560 -1334.5000000000000000
95 561 -3719500.0000000000000000
123 561 733550.0000000000000000
125 561 393020.0000000000000000
127 561 392150.0000000000000000
257 561 34105.0000000000000000
361 561 62442.0000000000000000
481 561 -2828500.0000000000000000
561 561 -38.6330000000000027
562 561 376.9900000000000091
96 562 -3719500.0000000000000000
124 562 733550.0000000000000000
126 562 393020.0000000000000000
128 562 392150.0000000000000000
258 562 34105.0000000000000000
362 562 62442.0000000000000000
482 562 -2828500.0000000000000000
561 562 -376.9900000000000091
562 562 -38.6330000000000027
97 563 2208500.0000000000000000
99 563 2208500.0000000000000000
101 563 2140100.0000000000000000
103 563 2140100.0000000000000000
477 563 -15149000.0000000000000000
564 563 376.9900000000000091
98 564 2208500.0000000000000000
100 564 2208500.0000000000000000
102 564 2140100.0000000000000000
104 564 2140100.0000000000000000
478 564 -15149000.0000000000000000
563 564 -376.9900000000000091
97 565 -8947000.0000000000000000
213 565 2015200.0000000000000000
565 565 -2015200.0000000000000000
566 565 376.9900000000000091
573 565 2015200.0000000000000000
98 566 -8947000.0000000000000000
214 566 2015200.0000000000000000
565 566 -376.9900000000000091
566 566 -2015200.0000000000000000
574 566 2015200.0000000000000000
99 567 -8947000.0000000000000000
215 567 2015200.0000000000000000
567 567 -2015200.0000000000000000
568 567 376.9900000000000091
577 567 2015200.0000000000000000
100 568 -8947000.0000000000000000
216 568 2015200.0000000000000000
567 568 -376.9900000000000091
568 568 -2015200.0000000000000000
578 568 2015200.0000000000000000
101 569 -8453800.0000000000000000
217 569 1965000.0000000000000000
569 569 -1965000.0000000000000000
570 569 376.9900000000000091
579 569 1965000.0000000000000000
102 570 -8453800.0000000000000000
218 570 1965000.0000000000000000
569 570 -376.9900000000000091
570 570 -1965000.0000000000000000
580 570 1965000.0000000000000000
103 571 -8453800.0000000000000000
219 571 1965000.0000000000000000
571 571 -1965000.0000000000000000
572 571 376.9900000000000091
581 571 1965000.0000000000000000
104 572 -8453800.0000000000000000
220 572 1965000.0000000000000000
571 572 -376.9900000000000091
572 572 -1965000.0000000000000000
582 572 1965000.0000000000000000
105 573 90375000.0000000000000000
213 573 -6404700.0000000000000000
565 573 6404700.0000000000000000
573 573 -6404700.0000000000000000
574 573 376.9900000000000091
106 574 90375000.0000000000000000
214 574 -6404700.0000000000000000
566 574 6404700.0000000000000000
573 574 -376.9900000000000091
574 574 -6404700.0000000000000000
105 575 -3073000.0000000000000000
107 575 -3073000.0000000000000000
109 575 -2977700.0000000000000000
111 575 -2977700.0000000000000000
377 575 474040.0000000000000000
575 575 -211.3300000000000125
576 575 376.9900000000000091
106 576 -3073000.0000000000000000
108 576 -3073000.0000000000000000
110 576 -2977700.0000000000000000
112 576 -2977700.0000000000000000
378 576 474040.0000000000000000
575 576 -376.9900000000000091
576 576 -211.3300000000000125
107 577 90375000.0000000000000000
215 577 -6404700.0000000000000000
567 577 6404700.0000000000000000
577 577 -6404700.0000000000000000
578 577 376.9900000000000091
108 578 90375000.0000000000000000
216 578 -6404700.0000000000000000
568 578 6404700.0000000000000000
577 578 -376.9900000000000091
578 578 -6404700.0000000000000000
109 579 85388000.0000000000000000
217 579 -6245100.0000000000000000
569 579 6245100.0000000000000000
579 579 -6245100.0000000000000000
580 579 376.9900000000000091
110 580 85388000.0000000000000000
218 580 -6245100.0000000000000000
570 580 6245100.0000000000000000
579 580 -376.9900000000000091
580 580 -6245100.0000000000000000
111 581 85388000.0000000000000000
219 581 -6245100.0000000000000000
571 581 6245100.0000000000000000
581 581 -6245100.0000000000000000
582 581 376.9900000000000091
112 582 85388000.0000000000000000
220 582 -6245100.0000000000000000
572 582 6245100.0000000000000000
581 582 -376.9900000000000091
582 582 -6245100.0000000000000000
113 583 15485000.0000000000000000
115 583 14352000.0000000000000000
117 583 15771000.0000000000000000
253 583 63336.0000000000000000
353 583 1136800.0000000000000000
583 583 -712.1299999999999955
584 583 376.9900000000000091
114 584 15485000.0000000000000000
116 584 14352000.0000000000000000
118 584 15771000.0000000000000000
254 584 63336.0000000000000000
354 584 1136800.0000000000000000
583 584 -376.9900000000000091
584 584 -712.1299999999999955
115 585 -21357000.0000000000000000
197 585 126840000.0000000000000000
199 585 9969500.0000000000000000
343 585 5520000.0000000000000000
469 585 -50577000.0000000000000000
585 585 -3491.6999999999998181
586 585 376.9900000000000091
116 586 -21357000.0000000000000000
198 586 126840000.0000000000000000
200 586 9969500.0000000000000000
344 586 5520000.0000000000000000
470 586 -50577000.0000000000000000
585 586 -376.9900000000000091
586 586 -3491.6999999999998181
119 587 4583000.0000000000000000
121 587 6010700.0000000000000000
588 587 376.9900000000000091
120 588 4583000.0000000000000000
122 588 6010700.0000000000000000
587 588 -376.9900000000000091
119 589 -8100100.0000000000000000
449 589 -6138400.0000000000000000
590 589 376.9900000000000091
120 590 -8100100.0000000000000000
450 590 -6138400.0000000000000000
589 590 -376.9900000000000091
121 591 -8265200.0000000000000000
201 591 1171500.0000000000000000
345 591 973210.0000000000000000
591 591 -548.3600000000000136
592 591 376.9900000000000091
122 592 -8265200.0000000000000000
202 592 1171500.0000000000000000
346 592 973210.0000000000000000
591 592 -376.9900000000000091
592 592 -548.3600000000000136
127 593 -3814300.0000000000000000
211 593 22348000.0000000000000000
249 593 1420000.0000000000000000
349 593 13231000.0000000000000000
593 593 -6829.6000000000003638
594 593 376.9900000000000091
128 594 -3814300.0000000000000000
212 594 22348000.0000000000000000
250 594 1420000.0000000000000000
350 594 13231000.0000000000000000
593 594 -376.9900000000000091
594 594 -6829.6000000000003638
129 595 22246000.0000000000000000
169 595 3182300.0000000000000000
221 595 260010000.0000000000000000
223 595 151540000.0000000000000000
445 595 -59290000.0000000000000000
596 595 376.9900000000000091
130 596 22246000.0000000000000000
170 596 3182300.0000000000000000
222 596 260010000.0000000000000000
224 596 151540000.0000000000000000
446 596 -59290000.0000000000000000
595 596 -376.9900000000000091
131 597 30455000.0000000000000000
265 597 1119500.0000000000000000
373 597 7639800.0000000000000000
475 597 -31772000.0000000000000000
597 597 -4212.8000000000001819
598 597 376.9900000000000091
132 598 30455000.0000000000000000
266 598 1119500.0000000000000000
374 598 7639800.0000000000000000
476 598 -31772000.0000000000000000
597 598 -376.9900000000000091
598 598 -4212.8000000000001819
131 599 -1164500.0000000000000000
243 599 30564.0000000000000000
275 599 136680.0000000000000000
339 599 222960.0000000000000000
483 599 -1453400.0000000000000000
599 599 -102.4500000000000028
600 599 376.9900000000000091
132 600 -1164500.0000000000000000
244 600 30564.0000000000000000
276 600 136680.0000000000000000
340 600 222960.0000000000000000
484 600 -1453400.0000000000000000
599 600 -376.9900000000000091
600 600 -102.4500000000000028
185 601 -119840000.0000000000000000
371 601 2569400.0000000000000000
601 601 -1615.5999999999999091
602 601 376.9900000000000091
186 602 -119840000.0000000000000000
372 602 2569400.0000000000000000
601 602 -376.9900000000000091
602 602 -1615.5999999999999091
187 603 3751.1999999999998181
189 603 12526.0000000000000000
273 603 79.4509999999999934
461 603 -1944.0999999999999091
603 603 -0.3666700000000000
604 603 376.9900000000000091
188 604 3751.1999999999998181
190 604 12526.0000000000000000
274 604 79.4509999999999934
462 604 -1944.0999999999999091
603 604 -376.9900000000000091
604 604 -0.3666700000000000
187 605 -79829000.0000000000000000
359 605 791960.0000000000000000
605 605 -501.4399999999999977
606 605 376.9900000000000091
188 606 -79829000.0000000000000000
360 606 791960.0000000000000000
605 606 -376.9900000000000091
606 606 -501.4399999999999977
193 607 -67101000.0000000000000000
195 607 4616800.0000000000000000
335 607 2467600.0000000000000000
607 607 -1530.0000000000000000
608 607 376.9900000000000091
194 608 -67101000.0000000000000000
196 608 4616800.0000000000000000
336 608 2467600.0000000000000000
607 608 -376.9900000000000091
608 608 -1530.0000000000000000
195 609 -2245100000.0000000000000000
287 609 1488300000.0000000000000000
610 609 376.9900000000000091
196 610 -2245100000.0000000000000000
288 610 1488300000.0000000000000000
609 610 -376.9900000000000091
197 611 -334410000.0000000000000000
233 611 32859000.0000000000000000
269 611 458340.0000000000000000
381 611 10243000.0000000000000000
611 611 -6507.3000000000001819
612 611 376.9900000000000091
198 612 -334410000.0000000000000000
234 612 32859000.0000000000000000
270 612 458340.0000000000000000
382 612 10243000.0000000000000000
611 612 -376.9900000000000091
612 612 -6507.3000000000001819
199 613 -2649400000.0000000000000000
311 613 108610000.0000000000000000
614 613 376.9900000000000091
200 614 -2649400000.0000000000000000
312 614 108610000.0000000000000000
613 614 -376.9900000000000091
201 615 -849060000.0000000000000000
279 615 1261500000.0000000000000000
616 615 376.9900000000000091
202 616 -849060000.0000000000000000
280 616 1261500000.0000000000000000
615 616 -376.9900000000000091
203 617 1145800000.0000000000000000
205 617 198780000.0000000000000000
207 617 321010000.0000000000000000
463 617 -111340000.0000000000000000
618 617 376.9900000000000091
204 618 1145800000.0000000000000000
206 618 198780000.0000000000000000
208 618 321010000.0000000000000000
464 618 -111340000.0000000000000000
617 618 -376.9900000000000091
205 619 -38403000.0000000000000000
315 619 704180.0000000000000000
619 619 -440.8299999999999841
620 619 376.9900000000000091
206 620 -38403000.0000000000000000
316 620 704180.0000000000000000
619 620 -376.9900000000000091
620 620 -440.8299999999999841
209 621 -42873000000.0000000000000000
301 621 3080700000.0000000000000000
622 621 376.9900000000000091
210 622 -42873000000.0000000000000000
302 622 3080700000.0000000000000000
621 622 -376.9900000000000091
211 623 -8836900000.0000000000000000
281 623 11042000000.0000000000000000
624 623 376.9900000000000091
212 624 -8836900000.0000000000000000
282 624 11042000000.0000000000000000
623 624 -376.9900000000000091
223 625 -18925000000.0000000000000000
303 625 6021100000.0000000000000000
626 625 376.9900000000000091
224 626 -18925000000.0000000000000000
304 626 6021100000.0000000000000000
625 626 -376.9900000000000091
225 627 -5297700000.0000000000000000
313 627 602110000.0000000000000000
628 627 376.9900000000000091
226 628 -5297700000.0000000000000000
314 628 602110000.0000000000000000
627 628 -376.9900000000000091
227 629 -5297700000.0000000000000000
307 629 602110000.0000000000000000
630 629 376.9900000000000091
228 630 -5297700000.0000000000000000
308 630 602110000.0000000000000000
629 630 -376.9900000000000091
229 631 -22084000000.0000000000000000
305 631 11042000000.0000000000000000
632 631 376.9900000000000091
230 632 -22084000000.0000000000000000
306 632 11042000000.0000000000000000
631 632 -376.9900000000000091
231 633 -3312100000.0000000000000000
309 633 2818800000.0000000000000000
634 633 376.9900000000000091
232 634 -3312100000.0000000000000000
310 634 2818800000.0000000000000000
633 634 -376.9900000000000091
233 635 -3312100000.0000000000000000
289 635 205700000.0000000000000000
636 635 376.9900000000000091
234 636 -3312100000.0000000000000000
290 636 205700000.0000000000000000
635 636 -376.9900000000000091
317 637 9865200.0000000000000000
459 637 -74586000.0000000000000000
637 637 -6560.6999999999998181
638 637 376.9900000000000091
318 638 9865200.0000000000000000
460 638 -74586000.0000000000000000
637 638 -376.9900000000000091
638 638 -6560.6999999999998181
329 639 2167100.0000000000000000
451 639 -12375000.0000000000000000
639 639 -1307.4000000000000909
640 639 376.9900000000000091
330 640 2167100.0000000000000000
452 640 -12375000.0000000000000000
639 640 -376.9900000000000091
640 640 -1307.4000000000000909
369 641 1243900.0000000000000000
457 641 -47673000.0000000000000000
641 641 -806.9700000000000273
642 641 376.9900000000000091
370 642 1243900.0000000000000000
458 642 -47673000.0000000000000000
641 642 -376.9900000000000091
642 642 -806.9700000000000273
425 643 -2646600.0000000000000000
427 643 3135000.0000000000000000
644 643 376.9900000000000091
426 644 -2646600.0000000000000000
428 644 3135000.0000000000000000
643 644 -376.9900000000000091
283 645 2538600000000.0000000000000000
441 645 -185170000000.0000000000000000
646 645 376.9900000000000091
284 646 2538600000000.0000000000000000
442 646 -185170000000.0000000000000000
645 646 -376.9900000000000091
285 647 1738000000000.0000000000000000
443 647 -155130000000.0000000000000000
648 647 376.9900000000000091
286 648 1738000000000.0000000000000000
444 648 -155130000000.0000000000000000
647 648 -376.9900000000000091
291 649 1271900000000.0000000000000000
437 649 -197510000000.0000000000000000
650 649 376.9900000000000091
292 650 1271900000000.0000000000000000
438 650 -197510000000.0000000000000000
649 650 -376.9900000000000091
293 651 10134000000000.0000000000000000
439 651 -1580900000000.0000000000000000
652 651 376.9900000000000091
294 652 10134000000000.0000000000000000
440 652 -1580900000000.0000000000000000
651 652 -376.9900000000000091
295 653 13512000000000.0000000000000000
423 653 -1220500000000.0000000000000000
654 653 376.9900000000000091
296 654 13512000000000.0000000000000000
424 654 -1220500000000.0000000000000000
653 654 -376.9900000000000091
297 655 1738000000000.0000000000000000
429 655 -192890000000.0000000000000000
656 655 376.9900000000000091
298 656 1738000000000.0000000000000000
430 656 -192890000000.0000000000000000
655 656 -376.9900000000000091
299 657 1785000000000.0000000000000000
431 657 -278700000000.0000000000000000
658 657 376.9900000000000091
300 658 1785000000000.0000000000000000
432 658 -278700000000.0000000000000000
657 658 -376.9900000000000091
435 659 -19260000000.0000000000000000
439 659 96804000000.0000000000000000
660 659 376.9900000000000091
436 660 -19260000000.0000000000000000
440 660 96804000000.0000000000000000
659 660 -376.9900000000000091
662 661 376.9900000000000091
663 661 -252660.0000000000000000
661 662 -376.9900000000000091
664 662 -252660.0000000000000000
661 663 1.0000000000000000
663 663 -462.4399999999999977
664 663 376.9900000000000091
667 663 -462.4399999999999977
669 663 -0.1326500000000000
662 664 1.0000000000000000
663 664 -376.9900000000000091
664 664 -462.4399999999999977
668 664 -462.4399999999999977
669 664 -0.2039600000000000
666 665 376.9900000000000091
667 665 -363830.0000000000000000
665 666 -376.9900000000000091
668 666 -363830.0000000000000000
665 667 1.0000000000000000
667 667 -554.9299999999999500
668 667 376.9900000000000091
669 667 -0.1591800000000000
666 668 1.0000000000000000
667 668 -376.9900000000000091
668 668 -554.9299999999999500
669 668 -0.2447500000000000
669 669 -506.4100000000000250
670 669 256.0000000000000000
669 670 -500.0000000000000000
671 670 250.0000000000000000
673 670 250.0000000000000000
675 670 125.0000000000000000
677 670 10193.0000000000000000
671 671 -384.1999999999999886
672 671 2048.0000000000000000
673 671 -384.1999999999999886
675 671 -192.0999999999999943
677 671 -15664.0000000000000000
671 672 -2498.5000000000000000
673 673 -135.7199999999999989
674 673 1024.0000000000000000
675 673 -67.8599999999999994
677 673 -5533.3999999999996362
673 674 -555.1799999999999500
675 675 -64.0900000000000034
676 675 512.0000000000000000
677 675 -5226.0000000000000000
675 676 -277.7300000000000182
495 677 135.9900000000000091
496 677 140.8199999999999932
677 677 -33.3329999999999984
678 677 1.0000000000000000
495 678 -90658.0000000000000000
496 678 -93879.0000000000000000
678 678 -333.3299999999999841
680 679 376.9900000000000091
681 679 -252660.0000000000000000
679 680 -376.9900000000000091
682 680 -252660.0000000000000000
679 681 1.0000000000000000
681 681 -462.4399999999999977
682 681 376.9900000000000091
685 681 -462.4399999999999977
687 681 -0.1045000000000000
680 682 1.0000000000000000
681 682 -376.9900000000000091
682 682 -462.4399999999999977
686 682 -462.4399999999999977
687 682 -0.2113600000000000
684 683 376.9900000000000091
685 683 -363830.0000000000000000
683 684 -376.9900000000000091
686 684 -363830.0000000000000000
683 685 1.0000000000000000
685 685 -554.9299999999999500
686 685 376.9900000000000091
687 685 -0.1254000000000000
684 686 1.0000000000000000
685 686 -376.9900000000000091
686 686 -554.9299999999999500
687 686 -0.2536300000000000
687 687 -506.4100000000000250
688 687 256.0000000000000000
687 688 -500.0000000000000000
689 688 250.0000000000000000
691 688 250.0000000000000000
693 688 125.0000000000000000
695 688 10193.0000000000000000
689 689 -384.1999999999999886
690 689 2048.0000000000000000
691 689 -384.1999999999999886
693 689 -192.0999999999999943
695 689 -15664.0000000000000000
689 690 -2498.5000000000000000
691 691 -135.7199999999999989
692 691 1024.0000000000000000
693 691 -67.8599999999999994
695 691 -5533.3999999999996362
691 692 -555.1799999999999500
693 693 -64.0900000000000034
694 693 512.0000000000000000
695 693 -5226.0000000000000000
693 694 -277.7300000000000182
491 695 119.3400000000000034
492 695 156.8199999999999932
695 695 -33.3329999999999984
696 695 1.0000000000000000
491 696 -79558.0000000000000000
492 696 -104550.0000000000000000
696 696 -333.3299999999999841
698 697 376.9900000000000091
699 697 -252660.0000000000000000
697 698 -376.9900000000000091
700 698 -252660.0000000000000000
697 699 1.0000000000000000
699 699 -462.4399999999999977
700 699 376.9900000000000091
703 699 -462.4399999999999977
705 699 -0.0911070000000000
698 700 1.0000000000000000
699 700 -376.9900000000000091
700 700 -462.4399999999999977
704 700 -462.4399999999999977
705 700 -0.2142300000000000
702 701 376.9900000000000091
703 701 -363830.0000000000000000
701 702 -376.9900000000000091
704 702 -363830.0000000000000000
701 703 1.0000000000000000
703 703 -554.9299999999999500
704 703 376.9900000000000091
705 703 -0.1093300000000000
702 704 1.0000000000000000
703 704 -376.9900000000000091
704 704 -554.9299999999999500
705 704 -0.2570800000000000
705 705 -506.4100000000000250
706 705 256.0000000000000000
705 706 -500.0000000000000000
707 706 250.0000000000000000
709 706 250.0000000000000000
711 706 125.0000000000000000
713 706 10193.0000000000000000
707 707 -384.1999999999999886
708 707 2048.0000000000000000
709 707 -384.1999999999999886
711 707 -192.0999999999999943
713 707 -15664.0000000000000000
707 708 -2498.5000000000000000
709 709 -135.7199999999999989
710 709 1024.0000000000000000
711 709 -67.8599999999999994
713 709 -5533.3999999999996362
709 710 -555.1799999999999500
711 711 -64.0900000000000034
712 711 512.0000000000000000
713 711 -5226.0000000000000000
711 712 -277.7300000000000182
523 713 165.3700000000000045
524 713 245.1699999999999875
713 713 -33.3329999999999984
714 713 1.0000000000000000
523 714 -110250.0000000000000000
524 714 -163450.0000000000000000
714 714 -333.3299999999999841
716 715 376.9900000000000091
717 715 -252660.0000000000000000
715 716 -376.9900000000000091
718 716 -252660.0000000000000000
715 717 1.0000000000000000
717 717 -462.4399999999999977
718 717 376.9900000000000091
721 717 -462.4399999999999977
723 717 -0.0389970000000000
716 718 1.0000000000000000
717 718 -376.9900000000000091
718 718 -462.4399999999999977
722 718 -462.4399999999999977
723 718 -0.2516500000000000
720 719 376.9900000000000091
721 719 -363830.0000000000000000
719 720 -376.9900000000000091
722 720 -363830.0000000000000000
719 721 1.0000000000000000
721 721 -554.9299999999999500
722 721 376.9900000000000091
723 721 -0.0467960000000000
720 722 1.0000000000000000
721 722 -376.9900000000000091
722 722 -554.9299999999999500
723 722 -0.3019800000000000
723 723 -506.4100000000000250
724 723 256.0000000000000000
723 724 -500.0000000000000000
725 724 250.0000000000000000
727 724 250.0000000000000000
729 724 125.0000000000000000
731 724 10193.0000000000000000
725 725 -384.1999999999999886
726 725 2048.0000000000000000
727 725 -384.1999999999999886
729 725 -192.0999999999999943
731 725 -15664.0000000000000000
725 726 -2498.5000000000000000
727 727 -135.7199999999999989
728 727 1024.0000000000000000
729 727 -67.8599999999999994
731 727 -5533.3999999999996362
727 728 -555.1799999999999500
729 729 -64.0900000000000034
730 729 512.0000000000000000
731 729 -5226.0000000000000000
729 730 -277.7300000000000182
533 731 37.3969999999999985
534 731 104.0499999999999972
731 731 -33.3329999999999984
732 731 1.0000000000000000
533 732 -24932.0000000000000000
534 732 -69364.0000000000000000
732 732 -333.3299999999999841
734 733 376.9900000000000091
735 733 -252660.0000000000000000
733 734 -376.9900000000000091
736 734 -252660.0000000000000000
733 735 1.0000000000000000
735 735 -462.4399999999999977
736 735 376.9900000000000091
739 735 -462.4399999999999977
741 735 -0.0300820000000000
734 736 1.0000000000000000
735 736 -376.9900000000000091
736 736 -462.4399999999999977
740 736 -462.4399999999999977
741 736 -0.2398500000000000
738 737 376.9900000000000091
739 737 -363830.0000000000000000
737 738 -376.9900000000000091
740 738 -363830.0000000000000000
737 739 1.0000000000000000
739 739 -554.9299999999999500
740 739 376.9900000000000091
741 739 -0.0360990000000000
738 740 1.0000000000000000
739 740 -376.9900000000000091
740 740 -554.9299999999999500
741 740 -0.2878300000000000
741 741 -506.4100000000000250
742 741 256.0000000000000000
741 742 -500.0000000000000000
743 742 250.0000000000000000
745 742 250.0000000000000000
747 742 125.0000000000000000
749 742 10193.0000000000000000
743 743 -384.1999999999999886
744 743 2048.0000000000000000
745 743 -384.1999999999999886
747 743 -192.0999999999999943
749 743 -15664.0000000000000000
743 744 -2498.5000000000000000
745 745 -135.7199999999999989
746 745 1024.0000000000000000
747 745 -67.8599999999999994
749 745 -5533.3999999999996362
745 746 -555.1799999999999500
747 747 -64.0900000000000034
748 747 512.0000000000000000
749 747 -5226.0000000000000000
747 748 -277.7300000000000182
489 749 90.6029999999999944
490 749 277.0400000000000205
749 749 -33.3329999999999984
750 749 1.0000000000000000
489 750 -60402.0000000000000000
490 750 -184690.0000000000000000
750 750 -333.3299999999999841
752 751 376.9900000000000091
753 751 -252660.0000000000000000
751 752 -376.9900000000000091
754 752 -252660.0000000000000000
751 753 1.0000000000000000
753 753 -462.4399999999999977
754 753 376.9900000000000091
757 753 -462.4399999999999977
759 753 -0.0531810000000000
752 754 1.0000000000000000
753 754 -376.9900000000000091
754 754 -462.4399999999999977
758 754 -462.4399999999999977
759 754 -0.2387200000000000
756 755 376.9900000000000091
757 755 -363830.0000000000000000
755 756 -376.9900000000000091
758 756 -363830.0000000000000000
755 757 1.0000000000000000
757 757 -554.9299999999999500
758 757 376.9900000000000091
759 757 -0.0638170000000000
756 758 1.0000000000000000
757 758 -376.9900000000000091
758 758 -554.9299999999999500
759 758 -0.2864700000000000
759 759 -506.4100000000000250
760 759 256.0000000000000000
759 760 -500.0000000000000000
761 760 250.0000000000000000
763 760 250.0000000000000000
765 760 125.0000000000000000
767 760 10193.0000000000000000
761 761 -384.1999999999999886
762 761 2048.0000000000000000
763 761 -384.1999999999999886
765 761 -192.0999999999999943
767 761 -15664.0000000000000000
761 762 -2498.5000000000000000
763 763 -135.7199999999999989
764 763 1024.0000000000000000
765 763 -67.8599999999999994
767 763 -5533.3999999999996362
763 764 -555.1799999999999500
765 765 -64.0900000000000034
766 765 512.0000000000000000
767 765 -5226.0000000000000000
765 766 -277.7300000000000182
493 767 84.6629999999999967
494 767 194.5300000000000011
767 767 -33.3329999999999984
768 767 1.0000000000000000
493 768 -56442.0000000000000000
494 768 -129680.0000000000000000
768 768 -333.3299999999999841
