183 183 1069
1 1 0.0080094093263610
2 1 -0.0064351192580330
20 1 -0.0000016653405832
21 1 -0.0000030123535752
22 1 -0.0000010242113100
23 1 -0.0000005180537578
24 1 -0.0000002086643037
26 1 -0.0000005306249324
27 1 -0.0000006747633606
42 1 0.0063195142039690
43 1 0.0000394285535333
44 1 -0.0000149351986037
49 1 0.0000088915077536
50 1 0.0000011231311926
51 1 -0.0000011231311926
56 1 0.0000023742505353
57 1 0.0000036339812634
59 1 0.0000008769535288
60 1 0.0000001571252224
61 1 0.0000000848650358
62 1 0.0000005363905822
64 1 0.0000009923432608
65 1 0.0000000748179462
67 1 -0.0000009765370528
68 1 0.0000035928944702
70 1 0.0000007532746787
71 1 0.0000000185566812
72 1 -0.0000055744453931
73 1 0.0000027810159082
74 1 0.0000001375822072
75 1 -0.0000000126502676
76 1 0.0000000437250253
78 1 0.0000003852101606
79 1 -0.0000000319109009
80 1 0.0000000839825790
81 1 0.0000004753348940
82 1 0.0000002491196830
83 1 -0.0000000116642471
84 1 0.0000000014653698
86 1 -0.0000000660187353
87 1 0.0000000207615856
89 1 -0.0000000345999560
90 1 0.0000000061675238
91 1 0.0000001452797885
92 1 0.0000000708219530
93 1 0.0000004313546304
94 1 0.0000005881079685
95 1 -0.0000000201777484
96 1 0.0000000113243761
98 1 -0.0000000098363824
99 1 0.0000000151245947
101 1 -0.0000000599103653
102 1 -0.0000000816816623
103 1 0.0000014984750249
104 1 -0.0000030339614972
105 1 0.0000005282233762
106 1 -0.0000019930099096
107 1 0.0000002777259103
109 1 0.0000000552264499
110 1 -0.0000000552264499
112 1 0.0000024036839439
113 1 -0.0000034527762926
114 1 0.0000006231940756
115 1 0.0000008916720169
116 1 0.0000002433890450
118 1 0.0000000313736847
119 1 -0.0000000313736847
122 1 0.0000010490923487
123 1 0.0000006438144554
124 1 -0.0000006438144554
125 1 0.0000003133690815
126 1 0.0000002654392613
127 1 0.0000005164736576
128 1 0.0000011197151259
129 1 0.0000005180537578
130 1 0.0000005077376523
131 1 0.0000006747633606
132 1 0.0000002086643037
133 1 0.0000002651856712
136 1 0.0000002089032620
137 1 -0.0000371238308367
140 1 0.0000108954905644
144 1 -0.0000088915077536
158 1 -0.0000036339812634
159 1 -0.0000029106411176
160 1 -0.0000008882779049
161 1 -0.0000001585905922
162 1 -0.0000010671612070
163 1 -0.0000035928944702
164 1 -0.0000007969997040
165 1 -0.0000000185566812
166 1 -0.0000027810159082
167 1 -0.0000001400565343
168 1 -0.0000003532992597
169 1 -0.0000000723183319
170 1 -0.0000004093161587
171 1 -0.0000002145197270
172 1 -0.0000000207615856
173 1 -0.0000000061675238
174 1 -0.0000001251020401
175 1 -0.0000000609855706
176 1 -0.0000003714442651
177 1 -0.0000005064263062
179 1 -0.0000002777259103
182 1 -0.0000002433890450
1 2 -0.0073474386067940
2 2 0.0089580536685940
42 2 0.0000126200996296
43 2 0.0000065041063059
45 2 -0.0000136905987201
46 2 -0.0000065041063059
51 2 0.0000012957005549
52 2 -0.0000012957005549
53 2 -0.0000012957005549
57 2 0.0000019567591418
58 2 -0.0000019567591418
62 2 0.0000003122273538
63 2 -0.0000003122273538
65 2 0.0000000435507448
66 2 -0.0000000435507448
76 2 0.0000000254518804
77 2 -0.0000000254518804
84 2 0.0000000008529765
85 2 -0.0000000008529765
96 2 0.0000000065918010
97 2 -0.0000000065918010
99 2 0.0000000088038685
100 2 -0.0000000088038685
108 2 -0.0000000694784370
109 2 0.0000000694784370
110 2 0.0000000639993863
111 2 -0.0000000639993863
118 2 0.0000000394701194
119 2 0.0000000364639321
120 2 -0.0000000364639321
121 2 -0.0000000394701194
136 2 -0.0073453099349970
137 2 0.0000136905987201
140 2 -0.0000110918840382
141 2 -0.0000015236062576
147 2 -0.0000025000000000
3 3 0.0015913145323910
49 3 0.0000000235624955
137 3 0.0000013690598720
142 3 -0.0000013690598720
143 3 -0.0000000235624955
144 3 -0.0000000235624955
146 3 -0.0000200000000000
4 4 0.0015702892028590
137 4 0.0000003672928350
138 4 -0.0000003672928350
5 5 0.0015699315590680
137 5 0.0000000096490444
158 5 -0.0000000096490444
6 6 0.0015702885216920
56 6 -0.0000003666116677
137 6 0.0000003666116677
7 7 0.0015728124913240
64 7 -0.0000015215214278
70 7 -0.0000013690598720
137 7 0.0000028905812998
8 8 0.0015729072596900
59 8 -0.0000025588711425
60 8 -0.0000004264785237
137 8 0.0000029853496662
9 9 0.0015729285836160
74 9 -0.0000007463374166
78 9 -0.0000022603361759
137 9 0.0000030066735924
10 10 0.0015743651316080
80 10 -0.0000004605019569
81 10 -0.0000026136597556
82 10 -0.0000013690598720
137 10 0.0000044432215846
11 11 0.0015738423996570
91 11 -0.0000004605019569
92 11 -0.0000002240279791
93 11 -0.0000013690598720
94 11 -0.0000018668998255
137 11 0.0000039204896335
12 12 0.0015805358793900
20 12 -0.0000006544853534
42 12 0.0000006544853534
68 12 -0.0000099594840127
69 12 -0.0000006544853534
137 12 0.0000099594840127
13 13 0.0016057233374680
20 13 -0.0000020290929922
21 13 -0.0000020290929922
42 13 0.0000040581859843
43 13 -0.0000020290929922
69 13 -0.0000020290929922
73 13 -0.0000317432414598
137 13 0.0000317432414598
158 13 -0.0000020290929922
14 14 0.0015707496099590
125 14 -0.0000008276999351
137 14 0.0000008276999351
15 15 0.0015778873492790
103 15 -0.0000067208393717
137 15 0.0000079654392553
178 15 -0.0000012445998836
16 16 0.0015873463083950
115 16 -0.0000136905987201
137 16 0.0000174243983710
181 16 -0.0000037337996509
17 17 0.0015997923072310
112 17 -0.0000298703972074
137 17 0.0000298703972074
18 18 0.0015885909082790
122 18 -0.0000186689982546
137 18 0.0000186689982546
19 19 0.0015792564091510
123 19 -0.0000093344991273
137 19 0.0000093344991273
4 20 -0.0000733250591486
20 20 0.0016432469691720
43 20 -0.0000300001960682
45 20 -0.0000000004587575
48 20 -0.0000433248630801
137 20 0.0000115813844154
138 20 -0.0000184183528954
140 20 0.0000000004587575
4 21 -0.0000292050409914
21 21 0.0016195293966810
43 21 -0.0000292050409911
45 21 -0.0000000002351132
57 21 -0.0000204024456664
137 21 0.0000204022105532
140 21 0.0000000002351132
158 21 -0.0000292050409911
4 22 -0.0000117886379089
6 22 -0.0000002588319808
22 22 0.0016066025456060
43 22 -0.0000115298059282
56 22 -0.0000115298059282
62 22 -0.0000248919976728
137 22 0.0000248919976728
4 23 -0.0000109596353342
7 23 -0.0000002225946388
12 23 -0.0000020950106369
21 23 -0.0000020950106369
23 23 0.0016016455542430
43 23 -0.0000107370406899
64 23 -0.0000107370406896
65 23 -0.0000186689982546
137 23 0.0000186689982545
4 24 -0.0000148001665430
7 24 -0.0000004439935954
24 24 0.0016033910748230
43 24 -0.0000143561729505
70 24 -0.0000143561729497
76 24 -0.0000186689982546
137 24 0.0000186689982551
4 25 -0.0000247561396289
8 25 -0.0000011788637909
13 25 -0.0000117886379091
21 25 -0.0000117886379091
25 25 0.0016083335873670
43 25 -0.0000235772758187
60 25 -0.0000235772758181
84 25 -0.0000018668998255
137 25 0.0000018668998247
4 26 -0.0000002155181866
26 26 0.0015736230499110
57 26 -0.0000028633217583
71 26 -0.0000006222999418
137 26 0.0000006222999419
158 26 -0.0000032943581317
27 27 0.0015825584455820
56 27 -0.0000084048959533
57 27 -0.0000084048959533
61 27 -0.0000042316396044
137 27 0.0000042316396043
28 28 0.0017205778588580
56 28 -0.0001435617294972
62 28 -0.0001435617294972
90 28 -0.0000070942193368
137 28 0.0000070942193367
29 29 0.0015889226536490
57 29 -0.0000117886379090
64 29 -0.0000117886379090
65 29 -0.0000001178863791
87 29 -0.0000070942193368
137 29 0.0000070942193369
158 29 -0.0000001178863791
30 30 0.0015820642070700
57 30 -0.0000117886379090
70 30 -0.0000117886379090
76 30 -0.0000003536591373
158 30 -0.0000003536591373
20 31 -0.0000013690598492
31 31 0.0015712909698960
43 31 -0.0000013690598776
137 31 0.0000013690598776
21 32 -0.0000041071796160
32 32 0.0015740290896400
43 32 -0.0000041071796160
137 32 0.0000041071796160
33 33 0.0016156767766300
127 33 -0.0000457548666061
137 33 0.0000457548666061
34 34 0.0016470714219160
128 34 -0.0000771495118918
137 34 0.0000771495118918
35 35 0.0016819358995520
130 35 -0.0001120139895278
137 35 0.0001120139895278
36 36 0.0016072626871450
129 36 -0.0000373407771213
137 36 0.0000373407771213
37 37 0.0016433158512620
131 37 -0.0000733939412384
137 37 0.0000733939412384
38 38 0.0016090783568900
132 38 -0.0000391564468659
137 38 0.0000391564468659
39 39 0.0015809310012100
133 39 -0.0000110090911858
137 39 0.0000110090911858
40 40 0.0016322081233400
126 40 -0.0000622862133156
137 40 0.0000622862133156
41 41 0.0015861017085110
137 41 0.0000161797984873
180 41 -0.0000161797984873
1 42 0.0236792212930500
2 42 -0.0236382447154000
12 42 0.0000008845732847
13 42 0.0000013321208662
20 42 -0.0000015506337178
21 42 -0.0000006660604331
42 42 0.0256355174138200
43 42 -0.0000007522083220
69 42 -0.0000015506337178
136 42 -0.0003241236535093
137 42 0.0000000861478889
139 42 -0.0000039434324671
140 42 -0.0000409765776511
148 42 -0.0000150000000000
158 42 -0.0000006660604331
1 43 11.8216552624699993
2 43 -10.5418053813700006
42 43 0.0007795061127092
43 43 13.1039915192399992
46 43 -1.2798498811050001
47 43 -0.0000318044139131
49 43 0.0000057794800398
55 43 -0.0000057794800399
136 43 0.0000040847332269
137 43 -11.8223753787299994
1 44 -0.0004308673456255
2 44 -0.0000082143592321
44 44 0.0020090036148810
137 44 -0.0004226529863934
2 45 -0.0000005112746166
45 45 0.0016255327526310
53 45 -0.0000300000000000
137 45 -0.0000004117066259
140 45 -0.0000000995679907
145 45 -0.0000250000000000
2 46 -0.0928311938904900
43 46 -0.0928311938904900
46 46 0.0944011158005100
43 47 -0.0000010062223882
45 47 -0.0000000002353826
47 47 0.0016070961090870
54 47 -0.0000300000000000
137 47 -0.0000113299653773
140 47 0.0000000002351272
48 48 0.0015699294745660
137 48 0.0000000075645421
138 48 -0.0000000075645421
1 49 2.9189272253020002
2 49 -2.9189272253029999
3 49 0.0063410852778360
20 49 -0.0000029356644560
31 49 -0.0000029356646575
43 49 0.0000083483089944
49 49 2.9268566934729998
55 49 -0.0000083551528731
56 49 0.0000002147145224
57 49 0.0000000363398264
59 49 0.0000000595962259
60 49 0.0000000107155804
61 49 0.0000000068439545
62 49 0.0000000200145409
64 49 0.0000000693137387
65 49 0.0000000027917143
67 49 -0.0000000068439554
68 49 0.0000002897495540
70 49 0.0000000626426394
71 49 0.0000000014965065
73 49 0.0000002242754765
74 49 0.0000000107305313
76 49 0.0000000016315307
78 49 0.0000000284918758
80 49 0.0000000058321236
81 49 0.0000000330093678
82 49 0.0000000172999781
87 49 0.0000000016743214
90 49 0.0000000004973810
91 49 0.0000000100888742
92 49 0.0000000049181912
93 49 0.0000000299551818
94 49 0.0000000408408297
96 49 0.0000000004225514
99 49 0.0000000005643504
143 49 -0.0063410852776870
144 49 -2.9252725450799999
158 49 -0.0000000363398264
159 49 -0.0000002347291157
160 49 -0.0000000600187463
161 49 -0.0000000107155782
162 49 -0.0000000721054520
163 49 -0.0000002897495294
164 49 -0.0000000642741897
165 49 -0.0000000014965064
166 49 -0.0000002242754571
167 49 -0.0000000112948819
168 49 -0.0000000284918740
169 49 -0.0000000058321224
170 49 -0.0000000330093678
171 49 -0.0000000172999773
172 49 -0.0000000016743215
173 49 -0.0000000004973810
174 49 -0.0000000100888750
175 49 -0.0000000049181912
176 49 -0.0000000299551818
177 49 -0.0000000408408297
1 50 1.4594636126520000
2 50 -1.4594636126520000
50 50 1.4610335345609999
51 50 -1.4594636126510001
2 51 1.2646852392260000
51 51 1.2662551611349999
52 51 -1.2646852392250001
53 51 -1.2646852392250001
52 52 0.0015699219100240
53 53 0.0015699219100240
54 54 0.0015699219100240
55 55 0.0015699219100240
1 56 0.4524337199219000
2 56 -0.4524337199219000
49 56 0.0000001111438469
56 56 0.4540037529757000
144 56 -0.0000001111438469
159 56 -0.4524338310657000
1 57 3.7946053928930001
2 57 -2.0240460579769999
49 57 0.0000001155896009
57 57 5.5667347653080004
58 57 -1.7705593349149999
144 57 -0.0000001155896009
158 57 -3.7946055084829999
2 58 -0.0004454892611374
57 58 -0.0004454892611379
58 58 0.0020204111711620
149 58 -0.0000050000000000
1 59 0.5400015366806999
2 59 -0.5400015366806999
49 59 0.0000001111438467
59 59 0.5415715697347000
144 59 -0.0000001111438467
160 59 -0.5400016478246000
1 60 0.5400015366785000
2 60 -0.5400015366785000
49 60 0.0000001111438454
60 60 0.5415715697348000
144 60 -0.0000001111438454
161 60 -0.5400016478246999
1 61 0.4524337199335000
2 61 -0.4524337199335000
43 61 -0.4524338310561000
49 61 0.0000001111438486
61 61 0.4540037529758000
67 61 -0.4524338310663000
144 61 -0.0000001111438486
1 62 0.9778406204786000
2 62 -0.4846133771809000
49 62 0.0000001111438464
56 62 -0.9778407316203001
62 62 1.4726378968280001
63 62 -0.4932272432979000
144 62 -0.0000001111438464
2 63 -0.0004454892611388
62 63 -0.0004454892611379
63 63 0.0020204111711620
150 63 -0.0000050000000000
1 64 0.5400015366806000
2 64 -0.5400015366806000
49 64 0.0000001111438470
64 64 0.5415715697347000
144 64 -0.0000001111438470
162 64 -0.5400016478246999
1 65 0.9778406204702000
2 65 -0.4846133771769000
49 65 0.0000001111438440
64 65 -0.9778407316203001
65 65 1.4726378968280001
66 65 -0.4932272432979000
144 65 -0.0000001111438440
2 66 -0.0004454892611328
65 66 -0.0004454892611379
66 66 0.0020204111711620
151 66 -0.0000050000000000
57 67 -0.0029696868444480
67 67 0.0030547653322480
1 68 0.4524337199218000
2 68 -0.4524337199218000
49 68 0.0000001111438469
68 68 0.4540037529757000
144 68 -0.0000001111438469
163 68 -0.4524338310657000
43 69 -4471.9999999949995981
69 69 2236.0015699219998169
1 70 0.4524337199215000
2 70 -0.4524337199215000
49 70 0.0000001111438469
70 70 0.4540037673803000
144 70 -0.0000001111438469
164 70 -0.4524338454705000
1 71 0.4524337199268000
2 71 -0.4524337199268000
49 71 0.0000001111438383
71 71 0.4540037529757000
144 71 -0.0000001111438383
165 71 -0.4524338310657000
4 72 -0.0006174321597546
21 72 -0.0006174321597551
72 72 0.0021873540697790
1 73 0.4524337199217000
2 73 -0.4524337199217000
49 73 0.0000001111438469
73 73 0.4540037529757000
144 73 -0.0000001111438469
166 73 -0.4524338310657000
1 74 0.4932987010773000
2 74 -0.4524337199216000
49 74 0.0000001111438474
74 74 0.4948687341300000
75 74 -0.0408649811542300
144 74 -0.0000001111438474
167 74 -0.4524338310657000
53 75 -0.0000299999999994
75 75 0.0015999219100240
1 76 0.9778406204460000
2 76 -0.4846133771575000
49 76 0.0000001111438408
70 76 -0.9778407316201000
76 76 1.4726378968280001
77 76 -0.4932272432979000
144 76 -0.0000001111438408
2 77 -0.0004454892611774
76 77 -0.0004454892611379
77 77 0.0020204111711620
152 77 -0.0000050000000000
1 78 0.4932987010768000
2 78 -0.4524337199216000
49 78 0.0000001111438470
78 78 0.4948687341938000
79 78 -0.0408649811542300
144 78 -0.0000001111438470
168 78 -0.4524338311296000
53 79 -0.0000299999999999
79 79 0.0015999219100240
1 80 0.5254069005551000
2 80 -0.4524337199251000
49 80 0.0000001111438477
80 80 0.5269769336083000
83 80 -0.0729731806325600
144 80 -0.0000001111438477
169 80 -0.4524338310656000
1 81 0.5254069005556000
2 81 -0.4524337199221000
49 81 0.0000001111438468
81 81 0.5269769336083000
86 81 -0.0729731806325500
144 81 -0.0000001111438468
170 81 -0.4524338310657000
1 82 0.5254069005567999
2 82 -0.4524337199266000
49 82 0.0000001111438480
82 82 0.5269769336083000
89 82 -0.0729731806325600
144 82 -0.0000001111438480
171 82 -0.4524338310657000
53 83 -0.0000300000000003
83 83 0.0015999219100240
1 84 0.9778406195524000
2 84 -0.4846133772820000
60 84 -0.9778406204763000
84 84 1.4726377856840001
85 84 -0.4932272432979000
2 85 -0.0004454892612574
84 85 -0.0004454892611379
85 85 0.0020204111711620
153 85 -0.0000050000000000
53 86 -0.0000299999999999
86 86 0.0015999219100240
1 87 0.4524337199172000
2 87 -0.4524337199172000
49 87 0.0000001111438501
87 87 0.4540037529757000
144 87 -0.0000001111438501
172 87 -0.4524338310657000
57 88 -0.0001435617294972
62 88 -0.0001435617294971
88 88 0.0017134836395210
53 89 -0.0000299999999997
89 89 0.0015999219100240
1 90 0.4524337199401000
2 90 -0.4524337199401000
49 90 0.0000001111438593
90 90 0.4540037529757000
144 90 -0.0000001111438593
173 90 -0.4524338310657000
1 91 0.5254069005485000
2 91 -0.4524337199198000
49 91 0.0000001111438470
91 91 0.5269769336083000
95 91 -0.0729731806325600
144 91 -0.0000001111438470
174 91 -0.4524338310657000
1 92 0.5254069005451000
2 92 -0.4524337199196000
49 92 0.0000001111438471
92 92 0.5269769336083000
98 92 -0.0729731806325600
144 92 -0.0000001111438471
175 92 -0.4524338310657000
1 93 0.5254069005534000
2 93 -0.4524337199212000
49 93 0.0000001111438467
93 93 0.5269769336083000
101 93 -0.0729731806325700
144 93 -0.0000001111438467
176 93 -0.4524338310657000
1 94 0.5254069005532001
2 94 -0.4524337199218000
49 94 0.0000001111438465
94 94 0.5269769336083000
102 94 -0.0729731806325600
144 94 -0.0000001111438465
177 94 -0.4524338310657000
53 95 -0.0000299999999998
95 95 0.0015999219100240
1 96 0.9778406205195000
2 96 -0.4846133771806000
49 96 0.0000001111438585
59 96 -0.9778407316201000
96 96 1.4726378968280001
97 96 -0.4932272432979000
144 96 -0.0000001111438585
2 97 -0.0004454892609331
96 97 -0.0004454892611379
97 97 0.0020204111711620
154 97 -0.0000050000000000
53 98 -0.0000299999999991
98 98 0.0015999219100240
1 99 0.9778406205619000
2 99 -0.4846133771982000
49 99 0.0000001111438191
74 99 -0.9778407316201000
99 99 1.4726378968280001
100 99 -0.4932272432978000
144 99 -0.0000001111438191
2 100 -0.0004454892611249
99 100 -0.0004454892611379
100 100 0.0020204111711620
155 100 -0.0000050000000000
53 101 -0.0000300000000000
101 101 0.0015999219100240
53 102 -0.0000300000000001
102 102 0.0015999219100240
1 103 0.4524337199223000
2 103 -0.4524337199223000
43 103 -0.4524337199223000
72 103 -0.4524337199218000
103 103 0.4540036418318000
104 103 -0.4524337199218000
104 104 0.0015948139076970
105 104 -0.0000248919976728
137 104 0.0000248919976728
1 105 0.4524337199224000
2 105 -0.4524337199224000
43 105 -0.4524337199219000
105 105 0.4540036418319000
106 105 -0.9048674398437000
4 106 -0.0003087160798756
20 106 -0.0003087160798775
106 106 0.0018786379899010
1 107 0.4524337199214000
2 107 -0.4524337199214000
107 107 0.4540036418319000
179 107 -0.4524337199219000
2 108 -0.0004454892611422
108 108 0.0020204111711620
109 108 -0.0004454892611379
156 108 -0.0000050000000000
1 109 0.4524337199293000
2 109 0.0407935233625000
108 109 -0.4932272432978000
109 109 0.9472308851297000
110 109 -0.4524337199219000
2 110 0.4932272433021000
110 110 0.4947971652079000
111 110 -0.4932272432979000
53 111 -0.0000300000000001
111 111 0.0015999219100240
1 112 0.4524337199218000
2 112 -0.4524337199218000
43 112 -0.4524337199219000
72 112 -0.4524337199219000
112 112 0.4540036418319000
113 112 -0.4524337199219000
113 113 0.0015948139076970
114 113 -0.0000248919976728
137 113 0.0000248919976728
1 114 0.4524337199204000
2 114 -0.4524337199204000
43 114 -0.4524337199218000
72 114 -0.4524337199218000
106 114 -0.4524337199219000
114 114 0.4540036418319000
1 115 0.4524337199221000
2 115 -0.4524337199221000
43 115 -0.4524337199219000
67 115 -0.4524337199219000
104 115 -0.4524337199219000
115 115 0.4540036418319000
1 116 0.4524337199229000
2 116 -0.4524337199229000
116 116 0.4540036418319000
182 116 -0.4524337199219000
117 117 0.0015948139076970
137 117 0.0000248919976728
183 117 -0.0000248919976728
1 118 0.4524337199445000
2 118 0.0407935233655300
118 118 0.9472308851298000
119 118 -0.4524337199219000
121 118 -0.4932272432979000
2 119 0.4932272432792000
119 119 0.4947971652079000
120 119 -0.4932272432979000
53 120 -0.0000300000000004
120 120 0.0015999219100240
2 121 -0.0004460503307430
118 121 -0.0004460503307363
121 121 0.0020209722407600
157 121 -0.0000050000000000
1 122 0.4524337199210000
2 122 -0.4524337199210000
43 122 -0.4524337199218000
72 122 -0.4524337199218000
113 122 -0.4524337199218000
122 122 0.4540036418318000
1 123 0.4524337199222000
2 123 -0.4524337199222000
43 123 -0.4524337199219000
104 123 -0.4524337199219000
123 123 0.4540036418319000
124 123 -0.4524337199219000
4 124 -0.0014848434222520
22 124 -0.0014848434222240
124 124 0.0030547653322480
1 125 0.4524337199212000
2 125 -0.4524337199212000
43 125 -0.4524337199219000
106 125 -0.4524337199219000
125 125 0.4540036418319000
1 126 0.4524337199235000
2 126 -0.4524337199235000
20 126 -0.4524337199191000
26 126 -0.4524337199219000
43 126 -0.4524337199219000
126 126 0.4540036418319000
1 127 0.4524337199232000
2 127 -0.4524337199232000
20 127 -0.4524337199210000
22 127 -0.4524337199218000
43 127 -0.4524337199218000
127 127 0.4540036418319000
1 128 0.4524337199221000
2 128 -0.4524337199221000
21 128 -0.9048674398438999
43 128 -0.4524337199220000
128 128 0.4540036418320000
1 129 4.5243371992340000
2 129 -4.5243371992340000
23 129 -4.5243371992189996
43 129 -9.0486743984370008
129 129 4.5259071211290003
1 130 0.4524337199214000
2 130 -0.4524337199214000
21 130 -0.4524337199219000
22 130 -0.4524337199219000
43 130 -0.4524337199219000
130 130 0.4540036418319000
1 131 0.4524337199225000
2 131 -0.4524337199225000
20 131 -0.4524337199208000
27 131 -0.4524337199218000
43 131 -0.4524337199219000
131 131 0.4540036418319000
1 132 0.4524337199222000
2 132 -0.4524337199222000
20 132 -0.4524337199166000
24 132 -0.4524337199219000
43 132 -0.4524337199219000
132 132 0.4540036418319000
1 133 0.4524337199222000
2 133 -0.4524337199222000
21 133 -0.4524337199220000
26 133 -0.4524337199220000
43 133 -0.4524337199219000
133 133 0.4540036418319000
4 134 -0.0000365447775097
8 134 -0.0000011788637908
13 134 -0.0000117886379089
21 134 -0.0000117886379092
43 134 -0.0000353659137263
59 134 -0.0000353659137271
96 134 -0.0000186689982546
134 134 0.0016369243237060
137 134 0.0000186689982561
4 135 -0.0000365447775099
9 135 -0.0000011788637907
13 135 -0.0000117886379091
21 135 -0.0000117886379091
43 135 -0.0000353659137335
74 135 -0.0000353659137271
99 135 -0.0000597407944148
135 135 0.0016779961198660
137 135 0.0000597407944173
1 136 -8.8962180939719993
2 136 8.8962180939719993
42 136 -80685.1203521900024498
43 136 0.0002249464256041
136 136 80699.2498205400042934
137 136 -0.0001726732420950
138 136 -0.0000522731954792
1 137 17.5135633512399984
2 137 13.6333755499499993
3 137 1.3160743029160000
4 137 4.8052003126539997
5 137 0.7824547612283000
6 137 1.0388782546740001
7 137 1.6898352464199999
8 137 1.1659613999239999
9 137 0.6003470573494000
10 137 0.9468662172084000
11 137 1.4473270249750001
12 137 4.2126028710140000
13 137 3.2609395703390001
14 137 0.3671032500118000
15 137 2.0820408332480000
16 137 1.3303147242960001
17 137 2.8184724699379999
18 137 1.2298418859050000
19 137 0.7545761772000000
20 137 2.1125090261330000
21 137 1.9225256249110001
22 137 0.5823040019048999
23 137 0.1016758756529000
24 137 0.0584862934245300
25 137 0.0013720755821430
26 137 0.0214202342487800
27 137 0.0991465787843400
28 137 0.0068960104538330
29 137 0.0239962931849500
31 137 0.0001441735574543
32 137 0.4324780196698000
33 137 0.6053296120547000
34 137 1.3129136022610000
35 137 0.5952326125010000
36 137 0.6070017915367000
37 137 0.7910478092942000
38 137 0.2443576327313000
39 137 0.3105970129549000
40 137 0.3109680047470000
41 137 0.0860449713423900
42 137 0.0309856059109800
43 137 -2.5759369039319999
44 137 -17.2354012702900015
45 137 -13.9053023589699993
47 137 0.0000036841815765
48 137 0.0856320535909700
56 137 -1.0388782546719999
57 137 -2.3550036445800000
59 137 -0.9993954856491000
60 137 -0.1665659142749000
61 137 -0.0991465787842400
62 137 -0.5823040019048999
64 137 -0.8894821733717000
65 137 -0.1016758756529000
68 137 -4.2126028710140000
70 137 -0.8003530730500000
71 137 -0.0214202342487400
73 137 -3.2609395703390001
74 137 -0.1490223192002000
76 137 -0.0584862934245300
78 137 -0.4513247381493000
80 137 -0.0981345939403500
81 137 -0.5569801277696000
82 137 -0.2917514954984000
84 137 -0.0013720755821430
87 137 -0.0239962931849500
90 137 -0.0068960104538290
91 137 -0.1700034918225000
92 137 -0.0827044014271700
93 137 -0.5054157864993000
94 137 -0.6892033452263000
96 137 -0.0150335602953400
99 137 -0.0202161694052700
103 137 -1.7567219530530001
104 137 0.6186131936560000
105 137 -0.6186131936558000
112 137 -2.8184724699379999
113 137 0.7299007671685001
114 137 -0.7299007671686000
115 137 -1.0452472833749999
117 137 0.0503514224012200
122 137 -1.2298418859050000
123 137 -0.7545761771999000
125 137 -0.3671032500120000
126 137 -0.3109680047470000
127 137 -0.6053296120547000
128 137 -1.3129136022610000
129 137 -0.6070017915367000
130 137 -0.5952326125010000
131 137 -0.7910478092942000
132 137 -0.2443576327313000
133 137 -0.3105970129548000
134 137 0.0150335602953300
135 137 0.0202161694052700
136 137 0.0000049016994797
137 137 75.8826551069400068
138 137 -7.0034904676209999
140 137 -0.0062352725064060
142 137 -1.3160743029160000
158 137 -0.7824547612289000
178 137 -0.3253188801950000
180 137 -0.0860449713423900
181 137 -0.2850674409206000
183 137 -0.0503514224012200
43 138 -7364984.6975100003182888
138 138 7364984.6990400003269315
136 139 -765000000.1819000244140625
137 139 -161702109.0088999867439270
139 139 845851054.5051000118255615
1 140 27.6876609517600016
2 140 -52.1826589975799990
4 140 -0.0001816299440350
20 140 0.0001816299570276
21 140 0.0000589017192864
43 140 -0.0001816318149731
45 140 -0.0002405335460340
47 140 0.0000000018687966
57 140 -0.0000589017192864
136 140 -0.0832175922226900
140 140 31.2171189533899991
141 140 -3.3601758753260000
2 141 -0.1163908516861000
53 141 -0.0000600000000111
140 141 -0.1163908516860000
141 141 0.1179494747699000
50 142 -5200.0000000000000000
142 142 5200.0015286230000129
52 143 -319888.9547743999864906
143 143 319888.9563037999905646
20 144 -9360.0000000000000000
43 144 -9360.0000000000000000
144 144 9360.0015286229991034
145 145 0.0015286230838660
146 146 0.0015286230838660
147 147 0.0015286230838660
148 148 0.0015286230838660
149 149 0.0015286230838660
150 150 0.0015286230838660
151 151 0.0015286230838660
152 152 0.0015286230838660
153 153 0.0015286230838660
154 154 0.0015286230838660
155 155 0.0015286230838660
156 156 0.0015286230838660
157 157 0.0015286230838660
49 158 -2652000.0000000000000000
158 158 2652000.0015289997681975
20 159 -32.9999999998999982
21 159 -192.4000000000000057
43 159 -192.3999999998999897
158 159 -33.0000000000000000
159 159 225.4015286231000061
21 160 -1200.0000000000000000
27 160 -1092.0000000000000000
43 160 -1091.9999999970000317
56 160 -1200.0000000000000000
160 160 2292.0015286230000129
20 161 -3199.9999999669998942
23 161 -192.4000000000000057
43 161 -192.4000000000000057
64 161 -3200.0000000009999894
161 161 3392.4015286230001038
22 162 -192.4000000000000057
43 162 -192.4000000000999933
162 162 192.4015286231000061
20 163 -4471.9999999989995558
43 163 -2236.0000000009999894
163 163 2236.0015286230000129
21 164 -1100.0000000000000000
26 164 -192.3999999998999897
43 164 -192.4000000016999934
158 164 -1100.0000000000000000
164 164 1292.4015286230001038
43 165 -192.3999999881999940
72 165 -192.3999999998000021
165 165 192.4015286231000061
20 166 -2235.9999999990000106
21 166 -2236.0000000000000000
43 166 -2236.0000000009999894
166 166 2236.0015286230000129
24 167 -192.4000000000000057
43 167 -192.3999999968999930
167 167 192.4015286231000061
26 168 -33.2999999999899998
158 168 -33.2999999999999972
168 168 33.3015286230800029
25 169 -192.4000000000000057
43 169 -192.4000000023999917
169 169 192.4015286231000061
29 170 -192.4000000000000057
43 170 -192.4000000000999933
170 170 192.4015286231000061
28 171 -192.4000000000000057
43 171 -192.4000000007999915
171 171 192.4015286231000061
43 172 -192.4000000050000097
88 172 -192.4000000000000057
172 172 192.4015286231000061
43 173 -192.3999999522999929
88 173 -192.4000000000000057
173 173 192.4015286231000061
43 174 -192.4000000027999988
134 174 -192.4000000000000057
174 174 192.4015286231000061
135 175 -192.4000000000000057
175 175 192.4015286231000061
30 176 -192.4000000000000057
43 176 -192.4000000000999933
176 176 192.4015286231000061
26 177 -3200.0000000000000000
56 177 -3200.0000000000000000
177 177 3200.0015286230000129
107 178 -2236.0000000000000000
178 178 2236.0015286230000129
41 179 -2236.0000000000000000
43 179 -2236.0000000000000000
179 179 2236.0015286230000129
109 180 -2236.0000000000000000
180 180 2236.0015286230000129
116 181 -2236.0000000000000000
181 181 2236.0015286230000129
43 182 -2236.0000000000000000
117 182 -2236.0000000000000000
182 182 2236.0015286230000129
118 183 -2236.0000000000000000
183 183 2236.0015286230000129
