261 261 2319
1 1 1.0000000000000000
2 1 1.0000000000000000
5 1 20000.0000000000000000
1 2 -1.0000000000000000
2 2 1.0000000000000000
3 2 1.0000000000000000
4 2 1.0000000000000000
6 2 20000.0000000000000000
1 3 0.2500000000000000
2 3 0.2500000000000000
3 3 -1.0000000000000000
4 3 1.0000000000000000
5 3 -750.0000000000000000
7 3 5000.0000000000000000
1 4 0.0833333333333333
2 4 -0.0833333333333333
3 4 0.2500000000000000
4 4 0.2500000000000000
6 4 -3250.0000000000000000
8 4 833.3333333333332575
1 5 -0.0364583333333333
2 5 -0.0364583333333333
3 5 0.0833333333333333
4 5 -0.0833333333333333
5 5 0.0000100000000000
7 5 -1020.8333333333332575
9 5 104.1666666666666572
1 6 -0.0135416666666667
2 6 0.0135416666666667
3 6 -0.0364583333333333
4 6 -0.0364583333333333
6 6 510.4166766666666035
8 6 -187.5000000000000000
10 6 10.4166666666666661
1 7 0.0246527777777778
2 7 0.0246527777777778
3 7 -0.0541666666666667
4 7 0.0541666666666667
7 7 697.9166766666666035
9 7 -98.9583333333333286
11 7 3.4722222222222223
1 8 0.0150297619047619
2 8 -0.0150297619047619
3 8 0.0385416666666667
4 8 0.0385416666666667
6 8 -562.5000000000000000
8 8 234.3750100000000032
10 8 -30.2083333333333321
12 8 1.4880952380952381
1 9 -0.0066096230158730
2 9 -0.0066096230158730
3 9 0.0119047619047619
4 9 -0.0119047619047619
7 9 -197.9166666666666572
9 9 66.6666766666666604
11 9 -14.1865079365079367
13 9 0.7440476190476191
1 10 -0.0014467592592593
2 10 0.0014467592592593
3 10 -0.0018601190476190
4 10 -0.0018601190476190
6 10 52.0833333333333286
8 10 -50.3472222222222214
10 10 30.5059623809523792
12 10 -8.1845238095238102
14 10 0.4133597883597883
1 11 0.0001736111111111
2 11 0.0001736111111111
3 11 0.0004960317460317
4 11 -0.0004960317460317
7 11 10.4166666666666661
9 11 -21.2797619047619051
11 11 17.4107242857142843
13 11 -5.3323412698412698
15 11 0.2480158730158730
1 12 -0.0000368265993266
2 12 0.0000368265993266
3 12 -0.0001736111111111
4 12 -0.0001736111111111
8 12 3.4722222222222223
10 12 -11.4583333333333321
12 12 11.2847322222222211
14 12 -3.7615740740740740
16 12 0.1578282828282828
1 13 0.0000105218855219
2 13 0.0000105218855219
3 13 0.0000721500721501
4 13 -0.0000721500721501
9 13 1.4880952380952381
11 13 -7.1097883597883600
13 13 7.9365179365079355
15 13 -2.8048340548340551
17 13 0.1052188552188552
1 14 -0.0000036421911422
2 14 0.0000036421911422
3 14 -0.0000338203463203
4 14 -0.0000338203463203
10 14 0.7440476190476191
12 14 -4.8363095238095237
14 14 5.9050424675324669
16 14 -2.1780303030303028
18 14 0.0728438228438228
1 15 0.0000014453139453
2 15 0.0000014453139453
3 15 0.0000173437673438
4 15 -0.0000173437673438
11 15 0.4133597883597883
13 15 -3.5060425685425685
15 15 4.5770302020202021
17 15 -1.7442048692048693
19 15 0.0520313020313020
1 16 -0.0000006359381359
2 16 0.0000006359381359
3 16 -0.0000095390720391
4 16 -0.0000095390720391
12 16 0.2480158730158730
14 16 -2.6620370370370372
16 16 3.6591980341880341
18 16 -1.4308608058608059
20 16 0.0381562881562882
1 17 0.0000003035159285
2 17 0.0000003035159285
3 17 0.0000055500055500
4 17 -0.0000055500055500
13 17 0.1578282828282828
15 17 -2.0930458430458430
17 17 2.9970129970029973
19 17 -1.1967199467199467
21 17 0.0286172161172161
1 18 -0.0000001547336106
2 18 0.0000001547336106
3 18 -0.0000033820346320
4 18 -0.0000033820346320
14 18 0.1052188552188552
16 18 -1.6910173160173159
18 18 2.5027156277056277
20 18 -1.0168650793650795
22 18 0.0218837535014006
1 19 0.0000000833180980
2 19 0.0000000833180980
3 19 0.0000021424653778
4 19 -0.0000021424653778
15 19 0.0728438228438228
17 19 -1.3961732711732711
19 19 2.1234074358974362
21 19 -0.8755184766214178
23 19 0.0170206971677560
1 20 -0.0000000469838899
2 20 0.0000000469838899
3 20 -0.0000014028047116
4 20 -0.0000014028047116
16 20 0.0520313020313020
18 20 -1.1733058608058609
20 20 1.8256200517129928
22 20 -0.7622840802987861
24 20 0.0134373925008600
1 21 0.0000000275638821
2 21 0.0000000275638821
3 21 0.0000009450473847
4 21 -0.0000009450473847
17 21 0.0381562881562882
19 21 -1.0005925447101918
21 21 1.5873115873015873
23 21 -0.6700779727095517
25 21 0.0107499140006880
1 22 -0.0000000167352141
2 22 0.0000000167352141
3 22 -0.0000006526733500
4 22 -0.0000006526733500
18 22 0.0286172161172161
20 22 -0.8639219576719577
22 22 1.3934676023391812
24 22 -0.5939327485380116
26 22 0.0087023113338903
1 23 0.0000000104706955
2 23 0.0000000104706955
3 23 0.0000004607106000
4 23 -0.0000004607106000
19 23 0.0218837535014006
21 23 -0.7538377192982456
23 23 1.2335626315789474
25 23 -0.5302779006339378
27 23 0.0071200729095466
1 24 -0.0000000067275483
2 24 0.0000000067275483
3 24 -0.0000003315720227
4 24 -0.0000003315720227
20 24 0.0170206971677560
22 24 -0.6638071895424837
24 24 1.1000333426704016
26 24 -0.4764911014911015
28 24 0.0058817993600602
1 25 0.0000000044260186
2 25 0.0000000044260186
3 25 0.0000002427987352
4 25 -0.0000002427987352
21 25 0.0134373925008600
23 25 -0.5891976673710420
25 25 0.9873267767904610
27 25 -0.4306096268338832
29 25 0.0049014994667169
1 26 -0.0000000029742845
2 26 0.0000000029742845
3 26 -0.0000001805815593
4 26 -0.0000001805815593
22 26 0.0107499140006880
24 26 -0.5266480595427964
26 26 0.8912883440815476
28 26 -0.3911396574440053
30 26 0.0041172595520422
1 27 0.0000000020373304
2 27 0.0000000020373304
3 27 0.0000001362100904
4 27 -0.0000001362100904
23 27 0.0087023113338903
25 27 -0.4736705895172715
27 27 0.8087574120082816
29 27 -0.3569271911663216
31 27 0.0034838350055741
1 28 -0.0000000014199576
2 28 0.0000000014199576
3 28 -0.0000001040626041
4 28 -0.0000001040626041
24 28 0.0071200729095466
26 28 -0.4283910533910534
28 28 0.7372935497835497
30 28 -0.3270687645687645
32 28 0.0029677113010446
1 29 0.0000000010054358
2 29 0.0000000010054358
3 29 0.0000000804348630
4 29 -0.0000000804348630
25 29 0.0058817993600602
27 29 -0.3893751176359872
29 29 0.6749871967163271
31 29 -0.3008485073702465
33 29 0.0025437525437525
1 30 -0.0000000007222958
2 30 0.0000000007222958
3 30 -0.0000000628397368
4 30 -0.0000000628397368
26 30 0.0049014994667169
28 30 -0.3555095267051789
30 30 0.6203261773813947
32 30 -0.2776929860263194
34 30 0.0021928901239246
1 31 0.0000000005258314
2 31 0.0000000005258314
3 31 0.0000000495783854
4 31 -0.0000000495783854
27 31 0.0041172595520422
29 31 -0.3259192163177670
31 31 0.5720999470899470
33 31 -0.2571382959313994
35 31 0.0019005047740680
1 32 -0.0000000003875234
2 32 0.0000000003875234
3 32 -0.0000000394720222
4 32 -0.0000000394720222
28 32 0.0034838350055741
30 32 -0.2999084249084249
32 32 0.5293298181129216
34 32 -0.2388057344953897
36 32 0.0016552783516076
1 33 0.0000000002888484
2 33 0.0000000002888484
3 33 0.0000000316907992
4 33 -0.0000000316907992
29 33 0.0029677113010446
31 33 -0.2769181648491993
33 33 0.4912173877591119
35 33 -0.2223835812082011
37 33 0.0014483685576567
1 34 -0.0000000002175741
2 34 0.0000000002175741
3 34 -0.0000000256426668
4 34 -0.0000000256426668
30 34 0.0025437525437525
32 34 -0.2564950481617148
34 34 0.4571059208055983
36 34 -0.2076132872503840
38 34 0.0012728087324862
1 35 0.0000000001654976
2 35 0.0000000001654976
3 35 0.0000000208999792
4 35 -0.0000000208999792
31 35 0.0021928901239246
33 35 -0.2382681227230727
35 35 0.4264510853329095
37 35 -0.1942788915293086
39 35 0.0011230665286643
1 36 -0.0000000001270391
2 36 0.0000000001270391
3 36 -0.0000000171502770
4 36 -0.0000000171502770
32 36 0.0019005047740680
34 36 -0.2219314449917898
36 36 0.3987985318704284
38 36 -0.1821988265002971
40 36 0.0009947160682455
1 37 0.0000000000983528
2 37 0.0000000000983528
3 37 0.0000000141628094
4 37 -0.0000000141628094
33 37 0.0016552783516076
35 37 -0.2072308176312626
37 37 0.3737665407394630
39 37 -0.1712195141986413
41 37 0.0008841920606626
1 38 -0.0000000000767551
2 38 0.0000000000767551
3 38 -0.0000000117654589
4 38 -0.0000000117654589
34 38 0.0014483685576567
36 38 -0.1939535895003162
38 38 0.3510324654377880
40 38 -0.1612103174603175
42 38 0.0007886037297802
1 39 0.0000000000603513
2 39 0.0000000000603513
3 39 0.0000000098286389
4 39 -0.0000000098286389
35 39 0.0012728087324862
37 39 -0.1819207338360564
39 39 0.3303220490620491
41 39 -0.1520595270595270
43 39 0.0007055928108560
1 40 -0.0000000000477895
2 40 0.0000000000477895
3 40 -0.0000000082539266
4 40 -0.0000000082539266
36 40 0.0011230665286643
38 40 -0.1709806397306397
40 40 0.3114009363909364
42 40 -0.1436711479281139
44 40 0.0006332243174348
1 41 0.0000000000380950
2 41 0.0000000000380950
3 41 0.0000000069659512
4 41 -0.0000000069659512
37 41 0.0009947160682455
39 41 -0.1610042051218522
41 41 0.2940678791971981
43 41 -0.1359623070149386
45 41 0.0005699018856914
1 42 -0.0000000000305586
2 42 0.0000000000305586
3 42 -0.0000000059065462
4 42 -0.0000000059065462
38 42 0.0008841920606626
40 42 -0.1518809278097204
42 42 0.2781492584024163
44 42 -0.1288611485979907
46 42 0.0005143017017215
1 43 0.0000000000246593
2 43 0.0000000000246593
3 43 0.0000000050304928
4 43 -0.0000000050304928
39 43 0.0007886037297802
41 43 -0.1435157685157685
43 43 0.2634946384846385
45 43 -0.1223051146831635
47 43 0.0004653205872718
1 44 -0.0000000000200111
2 44 0.0000000000200111
3 44 -0.0000000043023952
4 44 -0.0000000043023952
40 44 0.0007055928108560
42 44 -0.1358266160897740
44 44 0.2499731370780280
46 44 -0.1162395317562198
48 44 0.0004220349512465
1 45 0.0000000000163261
2 45 0.0000000000163261
3 45 0.0000000036943644
4 45 -0.0000000036943644
41 45 0.0006332243174348
43 45 -0.1287422259822773
45 45 0.2374704428519705
47 45 -0.1106164428626142
49 45 0.0003836681374968
1 46 -0.0000000000133874
2 46 0.0000000000133874
3 46 -0.0000000031842902
4 46 -0.0000000031842902
42 46 0.0005699018856914
44 46 -0.1222005333847439
46 46 0.2258863523298407
48 46 -0.1053936373703816
50 46 0.0003495643030527
1 47 0.0000000000110308
2 47 0.0000000000110308
3 47 0.0000000027545405
4 47 -0.0000000027545405
43 47 0.0005143017017215
45 47 -0.1161472650057449
47 47 0.2151327246944774
49 47 -0.1005338409620883
51 47 0.0003191674071351
1 48 -0.0000000000091308
2 48 0.0000000000091308
3 48 -0.0000000023909753
4 48 -0.0000000023909753
44 48 0.0004653205872718
46 48 -0.1105347904128392
48 48 0.2051317752437265
50 48 -0.0960040362214275
52 48 0.0002920042235491
1 49 0.0000000000075913
2 49 0.0000000000075913
3 49 0.0000000020821953
4 49 -0.0000000020821953
45 49 0.0004220349512465
47 49 -0.1053211667221877
49 49 0.1958146447429663
51 49 -0.0917748902227099
53 49 0.0002676705382533
1 50 -0.0000000000063379
2 50 0.0000000000063379
3 50 -0.0000000018189632
4 50 -0.0000000018189632
46 50 0.0003836681374968
48 50 -0.1004693402317265
50 50 0.1871201947339496
52 50 -0.0878202702323886
54 50 0.0002458198820694
1 51 0.0000000000053125
2 51 0.0000000000053125
3 51 0.0000000015937582
4 51 -0.0000000015937582
47 51 0.0003495643030527
49 51 -0.0959464761419239
51 51 0.1789939888244143
53 51 -0.0841168323121211
55 51 0.0002261542915038
1 52 -0.0000000000044701
2 52 0.0000000000044701
3 52 -0.0000000014004284
4 52 -0.0000000014004284
48 52 0.0003191674071351
50 52 -0.0917233933538281
52 52 0.1713874277827073
54 52 -0.0806436705116829
56 52 0.0002084167000133
1 53 0.0000000000037751
2 53 0.0000000000037751
3 53 0.0000000012339194
4 53 -0.0000000012339194
49 53 0.0002920042235491
51 53 -0.0877740858909089
53 53 0.1642570124034813
55 53 -0.0773820166364418
57 53 0.0001923846461662
1 54 -0.0000000000031993
2 54 0.0000000000031993
3 54 -0.0000000010900610
4 54 -0.0000000010900610
50 54 0.0002676705382533
52 54 -0.0840753160653716
54 54 0.1575637129745515
56 54 -0.0743149824032177
58 54 0.0001778650502291
1 55 0.0000000000027205
2 55 0.0000000000027205
3 55 0.0000000009653987
4 55 -0.0000000009653987
51 55 0.0002458198820694
53 55 -0.0806062673296269
55 55 0.1512724280481424
57 55 -0.0714273372629168
59 55 0.0001646898613232
1 56 -0.0000000000023209
2 56 0.0000000000023209
3 56 -0.0000000008570595
4 56 -0.0000000008570595
52 56 0.0002261542915038
54 56 -0.0773482469911041
56 56 0.1453515183199550
58 56 -0.0687053163468258
60 56 0.0001527124168634
1 57 0.0000000000019861
2 57 0.0000000000019861
3 57 0.0000000007626454
4 57 -0.0000000007626454
53 57 0.0002084167000133
55 57 -0.0742844307534335
57 57 0.1397724039133473
59 57 -0.0661364539462949
61 57 0.0001418043870874
1 58 -0.0000000000017046
2 58 0.0000000000017046
3 58 -0.0000000006801477
4 58 -0.0000000006801477
54 58 0.0001923846461662
56 58 -0.0713996424780738
58 58 0.1345092153815683
60 58 -0.0637094387094387
62 58 0.0001318532020286
1 59 0.0000000000014673
2 59 0.0000000000014673
3 59 0.0000000006078778
4 59 -0.0000000006078778
55 59 0.0001778650502291
57 59 -0.0686801637134600
59 59 0.1295384903775470
61 59 -0.0614139873697967
63 59 0.0001227598777508
1 60 -0.0000000000012665
2 60 0.0000000000012665
3 60 -0.0000000005444116
4 60 -0.0000000005444116
56 60 0.0001646898613232
58 60 -0.0661135684720590
60 60 0.1248389092752846
62 60 -0.0592407343390405
64 60 0.0001144371741745
1 61 0.0000000000010961
2 61 0.0000000000010961
3 61 0.0000000004885444
4 61 -0.0000000004885444
57 61 0.0001527124168634
59 61 -0.0636885794946040
61 61 0.1203910641197211
63 61 -0.0571811349211454
65 61 0.0001068080292295
1 62 -0.0000000000009511
2 62 0.0000000000009511
3 62 -0.0000000004392538
4 62 -0.0000000004392538
58 62 0.0001418043870874
60 62 -0.0613949428604601
62 62 0.1161772561804064
64 62 -0.0552273802566029
66 62 0.0000998042240341
1 63 0.0000000000008273
2 63 0.0000000000008273
3 63 0.0000000003956695
4 63 -0.0000000003956695
59 63 0.0001318532020286
61 63 -0.0592233183111863
63 63 0.1121813181258230
65 63 -0.0533723223962472
67 63 0.0000933652418384
1 64 -0.0000000000007213
2 64 0.0000000000007213
3 64 -0.0000000003570488
4 64 -0.0000000003570488
60 64 0.0001227598777508
62 64 -0.0571651830726241
64 64 0.1083884574494461
66 64 -0.0516094081462706
68 64 0.0000874372899756
1 65 0.0000000000006304
2 65 0.0000000000006304
3 65 0.0000000003227560
4 65 -0.0000000003227560
61 65 0.0001144371741745
63 65 -0.0552127473064626
65 65 0.1047851182892541
67 65 -0.0499326205279472
69 65 0.0000819724593522
1 66 -0.0000000000005522
2 66 0.0000000000005522
3 66 -0.0000000002922455
4 66 -0.0000000002922455
62 66 0.0001068080292295
64 66 -0.0533588796088560
66 66 0.1013588592083453
68 66 -0.0483364268646527
70 66 0.0000769280003151
1 67 0.0000000000004847
2 67 0.0000000000004847
3 67 0.0000000002650478
4 67 -0.0000000002650478
63 67 0.0000998042240341
65 67 -0.0515970412122121
67 67 0.0980982448607858
69 67 -0.0468157326507736
71 67 0.0000722656972657
1 68 -0.0000000000004263
2 68 0.0000000000004263
3 68 -0.0000000002407583
4 68 -0.0000000002407583
64 68 0.0000933652418384
66 68 -0.0499212277454610
68 68 0.0949927497660985
70 68 -0.0453658404767276
72 68 0.0000679513272797
1 69 0.0000000000003758
2 69 0.0000000000003758
3 69 0.0000000002190267
4 69 -0.0000000002190267
65 69 0.0000874372899756
67 69 -0.0483259175749921
69 69 0.0920326726678340
71 69 -0.0439824133853985
73 69 0.0000639541903809
1 70 -0.0000000000003319
2 70 0.0000000000003319
3 70 -0.0000000001995498
4 70 -0.0000000001995498
66 70 0.0000819724593522
68 70 -0.0468060258886872
70 70 0.0892090601645452
72 70 -0.0426614421209461
74 70 0.0000602467010834
1 71 0.0000000000002937
2 71 0.0000000000002937
3 71 0.0000000001820642
4 71 -0.0000000001820642
67 71 0.0000769280003151
69 71 -0.0453568638036922
71 71 0.0865136384817991
73 71 -0.0413992158037278
75 71 0.0000568040324501
1 72 -0.0000000000002603
2 72 0.0000000000002603
3 72 -0.0000000001663405
4 72 -0.0000000001663405
68 72 0.0000722656972657
70 72 -0.0439741018785136
72 72 0.0839387524070133
74 72 -0.0401922956270782
76 72 0.0000536038052698
1 73 0.0000000000002312
2 73 0.0000000000002312
3 73 0.0000000001521786
4 73 -0.0000000001521786
69 73 0.0000679513272797
71 73 -0.0426537374947498
73 73 0.0814773105393417
75 73 -0.0390374912246570
77 73 0.0000506258160882
1 74 -0.0000000000002057
2 74 0.0000000000002057
3 74 -0.0000000001394038
4 74 -0.0000000001394038
70 74 0.0000639541903809
72 74 -0.0413920656457970
74 74 0.0791227361182018
76 74 -0.0379318394024276
78 74 0.0000478517987683
1 75 0.0000000000001833
2 75 0.0000000000001833
3 75 0.0000000001278630
4 75 -0.0000000001278630
71 75 0.0000602467010834
73 75 -0.0401856527312646
75 75 0.0768689227893648
77 75 -0.0368725849682615
79 75 0.0000452652150511
1 76 -0.0000000000001636
2 76 0.0000000000001636
3 76 -0.0000000001174216
4 76 -0.0000000001174216
72 76 0.0000568040324501
74 76 -0.0390313130082951
76 76 0.0747101947493311
78 76 -0.0358571634256566
80 76 0.0000428510702483
1 77 0.0000000000001462
2 77 0.0000000000001462
3 77 0.0000000001079618
4 77 -0.0000000001079618
73 77 0.0000536038052698
75 77 -0.0379260873959261
77 77 0.0726412707790616
79 77 -0.0348831853269438
81 77 0.0000405957507616
1 78 -0.0000000000001309
2 78 0.0000000000001309
3 78 -0.0000000000993793
4 78 -0.0000000000993793
74 78 0.0000506258160882
76 78 -0.0368672243672244
78 78 0.0706572317387810
80 78 -0.0339484221063168
82 78 0.0000384868805921
1 79 0.0000000000001174
2 79 0.0000000000001174
3 79 0.0000000000915824
4 79 -0.0000000000915824
75 79 0.0000478517987683
77 79 -0.0358521626971366
79 79 0.0687534911479612
81 79 -0.0330507932346433
83 79 0.0000365131944079
1 80 -0.0000000000001054
2 80 0.0000000000001054
3 80 -0.0000000000844900
4 80 -0.0000000000844900
76 80 0.0000452652150511
78 80 -0.0348785158626543
80 80 0.0669257685199502
82 80 -0.0321883545567756
84 80 0.0000346644250708
1 81 0.0000000000000948
2 81 0.0000000000000948
3 81 0.0000000000780302
4 81 -0.0000000000780302
77 81 0.0000428510702483
79 81 -0.0339440579166607
81 81 0.0651700651600652
83 81 -0.0313592876884016
85 81 0.0000329312038173
1 82 -0.0000000000000854
2 82 0.0000000000000854
3 82 -0.0000000000721395
4 82 -0.0000000000721395
78 82 0.0000405957507616
80 82 -0.0330467106782896
82 82 0.0634826421701771
84 82 -0.0305618903636892
86 82 0.0000313049715300
1 83 0.0000000000000770
2 83 0.0000000000000770
3 83 0.0000000000667611
4 83 -0.0000000000667611
79 83 0.0000384868805921
81 83 -0.0321845321012543
83 83 0.0618600004326120
85 83 -0.0297945676373946
87 83 0.0000297778997481
1 84 -0.0000000000000695
2 84 0.0000000000000695
3 84 -0.0000000000618448
4 84 -0.0000000000618448
80 84 0.0000365131944079
82 84 -0.0313557056978110
84 84 0.0602988623721957
86 84 -0.0290558238559594
88 84 0.0000283428202421
1 85 0.0000000000000629
2 85 0.0000000000000629
3 85 0.0000000000573458
4 85 -0.0000000000573458
81 85 0.0000346644250708
83 85 -0.0305585309101483
85 85 0.0587961553180067
87 85 -0.0283442553216307
89 85 0.0000269931621354
1 86 -0.0000000000000569
2 86 0.0000000000000569
3 86 -0.0000000000532241
4 86 -0.0000000000532241
82 86 0.0000329312038173
84 86 -0.0297914143333254
86 86 0.0573489963063120
88 86 -0.0276585435819935
90 86 0.0000257228956819
1 87 0.0000000000000516
2 87 0.0000000000000516
3 87 0.0000000000494439
4 87 -0.0000000000494439
83 87 0.0000313049715300
85 87 -0.0290528617046715
87 87 0.0559546781836340
89 87 -0.0269974492846372
91 87 0.0000245264819293
1 88 -0.0000000000000468
2 88 0.0000000000000468
3 88 -0.0000000000459733
4 88 -0.0000000000459733
84 88 0.0000297778997481
86 88 -0.0283414705840180
88 88 0.0546106568842532
90 88 -0.0263598065431504
92 88 0.0000233988275877
1 89 0.0000000000000425
2 89 0.0000000000000425
3 89 0.0000000000427836
4 89 -0.0000000000427836
85 89 0.0000283428202421
87 89 -0.0276559236574333
89 89 0.0533145397699704
91 89 -0.0257445177663340
93 89 0.0000223352445155
1 90 -0.0000000000000387
2 90 0.0000000000000387
3 90 -0.0000000000398492
4 90 -0.0000000000398492
86 90 0.0000269931621354
88 90 -0.0269949826044312
90 90 0.0520640749318732
92 90 -0.0251505489075657
94 90 0.0000213314133014
1 91 0.0000000000000352
2 91 0.0000000000000352
3 91 0.0000000000371469
4 91 -0.0000000000371469
87 91 0.0000257228956819
89 91 -0.0263574824750562
91 91 0.0508571413643827
93 91 -0.0245769250957049
95 91 0.0000203833504880
1 92 -0.0000000000000321
2 92 0.0000000000000321
3 92 -0.0000000000346561
4 92 -0.0000000000346561
88 92 0.0000245264819293
90 92 -0.0257423265289202
92 92 0.0496917399311674
94 92 -0.0240227266128756
96 92 0.0000194873790379
1 93 0.0000000000000293
2 93 0.0000000000000293
3 93 0.0000000000323579
4 93 -0.0000000000323579
89 93 0.0000233988275877
91 93 -0.0251484814932794
93 93 0.0485659850507635
95 93 -0.0234870851879763
97 93 0.0000186401016885
1 94 -0.0000000000000268
2 94 0.0000000000000268
3 94 -0.0000000000302356
4 94 -0.0000000000302356
90 94 0.0000223352445155
92 94 -0.0245749732016773
94 94 0.0474780970370626
96 94 -0.0229691805778762
98 94 0.0000178383768847
1 95 0.0000000000000245
2 95 0.0000000000000245
3 95 0.0000000000282740
4 95 -0.0000000000282740
91 95 0.0000213314133014
93 95 -0.0240208825786121
95 95 0.0464263950363267
97 95 -0.0224682374110333
99 95 0.0000170792970172
1 96 -0.0000000000000224
2 96 0.0000000000000224
3 96 -0.0000000000264592
4 96 -0.0000000000264592
92 96 0.0000203833504880
94 96 -0.0234853419391768
96 96 0.0454092905081831
98 96 -0.0219835222707414
100 96 0.0000163601687218
1 97 0.0000000000000205
2 97 0.0000000000000205
3 97 0.0000000000247790
4 97 -0.0000000000247790
93 97 0.0000194873790379
95 97 -0.0229675315757229
97 97 0.0444252812032016
99 97 -0.0215143409974173
101 97 0.0000156784950250
1 98 -0.0000000000000188
2 98 0.0000000000000188
3 98 -0.0000000000232219
4 98 -0.0000000000232219
94 98 0.0000186401016885
96 98 -0.0224666766063621
98 98 0.0434729455942568
100 98 -0.0210600361913108
102 98 0.0000150319591477
1 99 0.0000000000000173
2 99 0.0000000000000173
3 99 0.0000000000217777
4 99 -0.0000000000217777
95 99 0.0000178383768847
97 99 -0.0219820440625785
99 99 0.0425509377229891
101 99 -0.0206199848987839
103 99 0.0000144184097947
1 100 -0.0000000000000159
2 100 0.0000000000000159
3 100 -0.0000000000204373
4 100 -0.0000000000204373
96 100 0.0000170792970172
98 100 -0.0215129401954251
100 100 0.0416579824263480
102 100 -0.0201935964668824
104 100 0.0000138358477828
1 101 0.0000000000000146
2 101 0.0000000000000146
3 101 0.0000000000191922
4 101 -0.0000000000191922
97 101 0.0000163601687218
99 101 -0.0210587079817368
101 101 0.0407928709114936
103 101 -0.0197803105523437
105 101 0.0000132824138715
1 102 -0.0000000000000134
2 102 0.0000000000000134
3 102 -0.0000000000180346
4 102 -0.0000000000180346
98 102 0.0000156784950250
100 102 -0.0206187248135536
102 102 0.0399544566502837
104 102 -0.0193795952724524
106 102 0.0000127563776786
1 103 0.0000000000000124
2 103 0.0000000000000124
3 103 0.0000000000169577
4 103 -0.0000000000169577
99 103 0.0000150319591477
101 103 -0.0201924003555176
103 103 0.0391416515672186
105 103 -0.0189909454863012
107 103 0.0000122561275735
1 104 -0.0000000000000114
2 104 0.0000000000000114
3 104 -0.0000000000159551
4 104 -0.0000000000159551
100 104 0.0000144184097947
102 104 -0.0197791745564205
104 104 0.0383534224970993
106 104 -0.0186138811960428
108 104 0.0000117801614542
1 105 0.0000000000000105
2 105 0.0000000000000105
3 105 0.0000000000150210
4 105 -0.0000000000150210
101 105 0.0000138358477828
103 105 -0.0193785158023482
105 105 0.0375887878907939
107 105 -0.0182479460586455
109 105 0.0000113270783213
1 106 -0.0000000000000097
2 106 0.0000000000000097
3 106 -0.0000000000141501
4 106 -0.0000000000141501
102 106 0.0000132824138715
104 106 -0.0189899192000032
106 106 0.0368468147494361
108 106 -0.0178927059995021
110 106 0.0000108955705758
1 107 0.0000000000000090
2 107 0.0000000000000090
3 107 0.0000000000133375
4 107 -0.0000000000133375
103 107 0.0000127563776786
105 107 -0.0186129049798184
107 107 0.0361266157691199
109 107 -0.0175477479199963
111 107 0.0000104844169691
1 108 -0.0000000000000083
2 108 0.0000000000000083
3 108 -0.0000000000125789
4 108 -0.0000000000125789
104 108 0.0000122561275735
106 108 -0.0182470170093932
108 108 0.0354273466797229
110 108 -0.0172126784918128
112 108 0.0000100924761478
1 109 0.0000000000000077
2 109 0.0000000000000077
3 109 0.0000000000118701
4 109 -0.0000000000118701
105 109 0.0000117801614542
107 109 -0.0178918214086237
109 109 0.0347482037629120
111 109 -0.0168871230313965
113 109 0.0000097186807350
1 110 -0.0000000000000071
2 110 0.0000000000000071
3 110 -0.0000000000112075
4 110 -0.0000000000112075
106 110 0.0000113270783213
108 110 -0.0175469052586441
110 110 0.0340884215356644
112 110 -0.0165707244485238
114 110 0.0000093620319007
1 111 0.0000000000000066
2 111 0.0000000000000066
3 111 0.0000000000105876
4 111 -0.0000000000105876
107 111 0.0000108955705758
109 111 -0.0172118753973849
111 111 0.0334472705868033
113 111 -0.0162631422634567
115 111 0.0000090215943770
1 112 -0.0000000000000061
2 112 0.0000000000000061
3 112 -0.0000000000100074
4 112 -0.0000000000100074
108 112 0.0000104844169691
110 112 -0.0168863572951623
112 112 0.0328240555550976
114 112 -0.0159640516876106
116 112 0.0000086964918769
1 113 0.0000000000000057
2 113 0.0000000000000057
3 113 0.0000000000094639
4 113 -0.0000000000094639
109 113 0.0000100924761478
111 113 -0.0165699940042766
113 113 0.0322181132384317
115 113 -0.0156731427630853
117 113 0.0000083859028813
1 114 -0.0000000000000053
2 114 0.0000000000000053
3 114 -0.0000000000089546
4 114 -0.0000000000089546
110 114 0.0000097186807350
112 114 -0.0162624451770987
114 114 0.0316288108244183
116 114 -0.0153901195567862
118 114 0.0000080890567616
1 115 0.0000000000000049
2 115 0.0000000000000049
3 115 0.0000000000084769
4 115 -0.0000000000084769
111 115 0.0000093620319007
113 115 -0.0159633861475869
115 115 0.0310555442336176
117 115 -0.0151146994052125
119 115 0.0000078052302086
1 116 -0.0000000000000046
2 116 0.0000000000000046
3 116 -0.0000000000080287
4 116 -0.0000000000080287
112 116 0.0000090215943770
114 116 -0.0156725070715896
116 116 0.0304977365672405
118 116 -0.0148466122063001
120 116 0.0000075337439405
1 117 0.0000000000000043
2 117 0.0000000000000043
3 117 0.0000000000076080
4 117 -0.0000000000076080
113 117 0.0000086964918769
115 117 -0.0153895121216709
117 117 0.0299548366518697
119 117 -0.0145855997549969
121 117 0.0000072739596667
1 118 -0.0000000000000040
2 118 0.0000000000000040
3 118 -0.0000000000072127
4 118 -0.0000000000072127
114 118 0.0000083859028813
116 118 -0.0151141187325398
118 118 0.0294263176743268
120 118 -0.0143314151195079
122 118 0.0000070252772849
1 119 0.0000000000000037
2 119 0.0000000000000037
3 119 0.0000000000068412
4 119 -0.0000000000068412
115 119 0.0000080890567616
117 119 -0.0148460568934790
119 119 0.0289116759003558
121 119 -0.0140838220553894
123 119 0.0000067871322922
1 120 -0.0000000000000034
2 120 0.0000000000000034
3 120 -0.0000000000064918
4 120 -0.0000000000064918
116 120 0.0000078052302086
118 120 -0.0145850684844550
120 120 0.0284104294712902
122 120 -0.0138425944548864
124 120 0.0000065589933916
1 121 0.0000000000000032
2 121 0.0000000000000032
3 121 0.0000000000061630
4 121 -0.0000000000061630
117 121 0.0000075337439405
119 121 -0.0143309066528523
121 121 0.0279221172733243
123 121 -0.0136075158291119
125 121 0.0000063403602785
1 122 -0.0000000000000030
2 122 0.0000000000000030
3 122 -0.0000000000058536
4 122 -0.0000000000058536
118 122 0.0000072739596667
120 122 -0.0140833352280149
122 122 0.0274462978744213
124 122 -0.0133783788208445
126 122 0.0000061307615917
1 123 0.0000000000000028
2 123 0.0000000000000028
3 123 0.0000000000055621
4 123 -0.0000000000055621
119 123 0.0000070252772849
121 123 -0.0138421281709931
123 123 0.0269825485242727
125 123 -0.0131549847458938
127 123 0.0000059297530149
1 124 -0.0000000000000026
2 124 0.0000000000000026
3 124 -0.0000000000052874
4 124 -0.0000000000052874
120 124 0.0000067871322922
122 124 -0.0136070690570983
124 124 0.0265304642130682
126 124 -0.0129371431611321
128 124 0.0000057369155185
1 125 0.0000000000000024
2 125 0.0000000000000024
3 125 0.0000000000050284
4 125 -0.0000000000050284
121 125 0.0000065589933916
123 125 -0.0133779505890446
125 125 0.0260896567851558
127 125 -0.0127246714574350
129 125 0.0000055518537275
1 126 -0.0000000000000023
2 126 0.0000000000000023
3 126 -0.0000000000047840
4 126 -0.0000000000047840
122 126 0.0000063403602785
124 126 -0.0131545741386302
126 126 0.0256597541039607
128 126 -0.0125173944759014
130 126 0.0000053741944083
1 127 0.0000000000000021
2 127 0.0000000000000021
3 127 0.0000000000045535
4 127 -0.0000000000045535
123 127 0.0000061307615917
125 127 -0.0129367493150590
127 127 0.0252403992648031
129 127 -0.0123151441458430
131 127 0.0000052035850620
1 128 -0.0000000000000020
2 128 0.0000000000000020
3 128 -0.0000000000043357
4 128 -0.0000000000043357
124 128 0.0000059297530149
126 128 -0.0127242935581477
128 128 0.0248312498524983
130 128 -0.0121177591431425
132 128 0.0000050396926191
1 129 0.0000000000000019
2 129 0.0000000000000019
3 129 0.0000000000041301
4 129 -0.0000000000041301
125 129 0.0000057369155185
127 129 -0.0125170317547912
129 129 0.0244319772408497
131 129 -0.0119250845676811
133 129 0.0000048822022247
1 130 -0.0000000000000018
2 130 0.0000000000000018
3 130 -0.0000000000039357
4 130 -0.0000000000039357
126 130 0.0000055518537275
128 130 -0.0123147958771774
130 130 0.0240422659313534
132 130 -0.0117369716386258
134 130 0.0000047308161092
1 131 0.0000000000000017
2 131 0.0000000000000017
3 131 0.0000000000037519
4 131 -0.0000000000037519
127 131 0.0000053741944083
129 131 -0.0121174246413533
131 131 0.0236618129286259
133 131 -0.0115532774064579
135 131 0.0000045852525366
1 132 -0.0000000000000016
2 132 0.0000000000000016
3 132 -0.0000000000035780
4 132 -0.0000000000035780
128 132 0.0000052035850620
130 132 -0.0119247631848438
132 132 0.0232903271502399
134 132 -0.0113738644806959
136 132 0.0000044452448256
1 133 0.0000000000000015
2 133 0.0000000000000015
3 133 0.0000000000034135
4 133 -0.0000000000034135
129 133 0.0000050396926191
131 133 -0.0117366627621160
133 133 0.0229275288688198
135 133 -0.0111986007723444
137 133 0.0000043105404369
1 134 -0.0000000000000014
2 134 0.0000000000000014
3 134 -0.0000000000032578
4 134 -0.0000000000032578
130 134 0.0000048822022247
132 134 -0.0115529804567698
134 134 0.0225731491843944
136 134 -0.0110273592501646
138 134 0.0000041809001230
1 135 0.0000000000000013
2 135 0.0000000000000013
3 135 0.0000000000031102
4 135 -0.0000000000031102
131 135 0.0000047308161092
133 135 -0.0113735789094122
135 135 0.0222269295251467
137 135 -0.0108600177099247
139 135 0.0000040560971343
1 136 -0.0000000000000012
2 136 0.0000000000000012
3 136 -0.0000000000029704
4 136 -0.0000000000029704
132 136 0.0000045852525366
134 136 -0.0111983260602447
136 136 0.0218886211748268
138 136 -0.0106964585558458
140 136 0.0000039359164785
1 137 0.0000000000000011
2 137 0.0000000000000011
3 137 0.0000000000028379
4 137 -0.0000000000028379
133 137 0.0000044452448256
135 137 -0.0110270949054620
137 137 0.0215579848252106
139 137 -0.0105365685935117
141 137 0.0000038201542291
1 138 -0.0000000000000011
2 138 0.0000000000000011
3 138 -0.0000000000027122
4 138 -0.0000000000027122
134 138 0.0000043105404369
136 138 -0.0108597632666221
138 138 0.0212347901521002
140 138 -0.0103802388335605
142 138 0.0000037086168793
1 139 0.0000000000000010
2 139 0.0000000000000010
3 139 0.0000000000025930
4 139 -0.0000000000025930
135 139 0.0000041809001230
137 139 -0.0106962135722013
139 139 0.0209188154134594
141 139 -0.0102273643055207
143 139 0.0000036011207379
1 140 -0.0000000000000010
2 140 0.0000000000000010
3 140 -0.0000000000024798
4 140 -0.0000000000024798
136 140 0.0000040560971343
138 140 -0.0105363326506065
140 140 0.0206098470683736
142 140 -0.0100778438811970
144 140 0.0000034974913642
1 141 0.0000000000000009
2 141 0.0000000000000009
3 141 0.0000000000023724
4 141 -0.0000000000023724
137 141 0.0000039359164785
139 141 -0.0103800115339613
141 141 0.0203076794156093
143 141 -0.0099315801070487
145 141 0.0000033975630395
1 142 -0.0000000000000008
2 142 0.0000000000000008
3 142 -0.0000000000022703
4 142 -0.0000000000022703
138 142 0.0000038201542291
140 142 -0.0102271452720295
142 142 0.0200121142506285
144 142 -0.0097884790450431
146 142 0.0000033011782724
1 143 0.0000000000000008
2 143 0.0000000000000008
3 143 0.0000000000021734
4 143 -0.0000000000021734
139 143 0.0000037086168793
141 143 -0.0100776327556818
143 143 0.0197229605399898
145 143 -0.0096484501214949
147 143 0.0000032081873351
1 144 -0.0000000000000008
2 144 0.0000000000000008
3 144 -0.0000000000020812
4 144 -0.0000000000020812
140 144 0.0000036011207379
142 144 -0.0099313765493503
144 144 0.0194400341121344
146 144 -0.0095114059834389
148 144 0.0000031184478293
1 145 0.0000000000000007
2 145 0.0000000000000007
3 145 0.0000000000019936
4 145 -0.0000000000019936
141 145 0.0000034974913642
143 145 -0.0097882827319513
145 145 0.0191631573636219
147 145 -0.0093772623621085
149 145 0.0000030318242785
1 146 -0.0000000000000007
2 146 0.0000000000000007
3 146 -0.0000000000019102
4 146 -0.0000000000019102
142 146 0.0000033975630395
144 146 -0.0096482607457906
146 146 0.0188921589799399
148 146 -0.0092459379431210
150 146 0.0000029481877466
1 147 0.0000000000000006
2 147 0.0000000000000006
3 147 0.0000000000018309
4 147 -0.0000000000018309
143 147 0.0000033011782724
145 147 -0.0095112232529958
147 147 0.0186268736700652
149 147 -0.0091173542429962
151 147 0.0000028674154796
1 148 -0.0000000000000006
2 148 0.0000000000000006
3 148 -0.0000000000017554
4 148 -0.0000000000017554
144 148 0.0000032081873351
146 148 -0.0093770859990518
148 148 0.0183671419140095
150 148 -0.0089914354916567
152 148 0.0000027893905686
1 149 0.0000000000000006
2 149 0.0000000000000006
3 149 0.0000000000016835
4 149 -0.0000000000016835
145 149 0.0000031184478293
147 149 -0.0092457676830384
149 149 0.0181128097226278
151 149 -0.0088681085205817
153 149 0.0000027140016343
1 150 -0.0000000000000005
2 150 0.0000000000000005
3 150 -0.0000000000016150
4 150 -0.0000000000016150
146 150 0.0000030318242785
148 150 -0.0091171898341974
150 150 0.0178637284090122
152 150 -0.0087473026563046
154 150 0.0000026411425300
1 151 0.0000000000000005
2 151 0.0000000000000005
3 151 0.0000000000015497
4 151 -0.0000000000015497
147 151 0.0000029481877466
149 151 -0.0089912766944787
151 151 0.0176197543708381
153 151 -0.0086289496189652
155 151 0.0000025707120626
1 152 -0.0000000000000005
2 152 0.0000000000000005
3 152 -0.0000000000014875
4 152 -0.0000000000014875
148 152 0.0000028674154796
150 152 -0.0088679551067364
152 152 0.0173807488830669
154 152 -0.0085129834256432
156 152 0.0000025026137298
1 153 0.0000000000000005
2 153 0.0000000000000005
3 153 0.0000000000014282
4 153 -0.0000000000014282
149 153 0.0000027893905686
151 153 -0.0087471544082661
153 153 0.0171465779004440
155 153 -0.0083993402982183
157 153 0.0000024367554737
1 154 -0.0000000000000004
2 154 0.0000000000000004
3 154 -0.0000000000013717
4 154 -0.0000000000013717
150 154 0.0000027140016343
152 154 -0.0086288063293934
154 154 0.0169171118692689
156 154 -0.0082879585755152
158 154 0.0000023730494483
1 155 0.0000000000000004
2 155 0.0000000000000004
3 155 0.0000000000013177
4 155 -0.0000000000013177
151 155 0.0000026411425300
153 155 -0.0085128448968429
155 155 0.0166922255479412
157 155 -0.0081787786295070
159 155 0.0000023114118003
1 156 -0.0000000000000004
2 156 0.0000000000000004
3 156 -0.0000000000012662
4 156 -0.0000000000012662
152 156 0.0000025707120626
154 156 -0.0083992063416295
156 156 0.0164717978358187
158 156 -0.0080717427853651
160 156 0.0000022517624635
1 157 0.0000000000000004
2 157 0.0000000000000004
3 157 0.0000000000012170
4 157 -0.0000000000012170
153 157 0.0000025026137298
155 157 -0.0082878290112337
157 157 0.0162557116099500
159 157 -0.0079667952451546
161 157 0.0000021940249644
1 158 -0.0000000000000004
2 158 0.0000000000000004
3 158 -0.0000000000011700
4 158 -0.0000000000011700
154 158 0.0000024367554737
156 158 -0.0081786532858335
158 158 0.0160438535692711
160 158 -0.0078638820149856
162 158 0.0000021381262392
1 159 0.0000000000000003
2 159 0.0000000000000003
3 159 0.0000000000011252
4 159 -0.0000000000011252
155 159 0.0000023730494483
157 159 -0.0080716214983803
159 159 0.0158361140858764
161 159 -0.0077629508354439
163 159 0.0000020839964610
1 160 -0.0000000000000003
2 160 0.0000000000000003
3 160 -0.0000000000010823
4 160 -0.0000000000010823
156 160 0.0000023114118003
158 160 -0.0079666778583187
160 160 0.0156323870630015
162 160 -0.0076639511151323
164 160 0.0000020315688771
1 161 0.0000000000000003
2 161 0.0000000000000003
3 161 0.0000000000010413
4 161 -0.0000000000010413
157 161 0.0000022517624635
159 161 -0.0078637683787613
161 161 0.0154325697993725
163 161 -0.0075668338671655
165 161 0.0000019807796552
1 162 -0.0000000000000003
2 162 0.0000000000000003
3 162 -0.0000000000010022
4 162 -0.0000000000010022
158 162 0.0000021940249644
160 162 -0.0077628408069404
162 162 0.0152365628595975
164 162 -0.0074715516484683
166 162 0.0000019315677383
1 163 0.0000000000000003
2 163 0.0000000000000003
3 163 0.0000000000009647
4 163 -0.0000000000009647
159 163 0.0000021381262392
161 163 -0.0076638445577701
163 163 0.0150442699502957
165 163 -0.0073780585017379
167 163 0.0000018838747077
1 164 -0.0000000000000003
2 164 0.0000000000000003
3 164 -0.0000000000009289
4 164 -0.0000000000009289
160 164 0.0000020839964610
162 164 -0.0075667306503596
164 164 0.0148555978016739
166 164 -0.0072863098999358
168 164 0.0000018376446535
1 165 0.0000000000000002
2 165 0.0000000000000002
3 165 0.0000000000008946
4 165 -0.0000000000008946
161 165 0.0000020315688771
163 165 -0.0074714516473295
165 165 0.0146704560542803
167 165 -0.0071962626931863
169 165 0.0000017928240522
1 166 -0.0000000000000002
2 166 0.0000000000000002
3 166 -0.0000000000008617
4 166 -0.0000000000008617
162 166 0.0000019807796552
164 166 -0.0073779615967904
166 166 0.0144887571506762
168 166 -0.0071078750579599
170 166 0.0000017493616509
1 167 0.0000000000000002
2 167 0.0000000000000002
3 167 0.0000000000008303
4 167 -0.0000000000008303
163 167 0.0000019315677383
165 167 -0.0072862159768511
167 167 0.0143104162317849
169 167 -0.0070211064484334
171 167 0.0000017072083581
1 168 -0.0000000000000002
2 168 0.0000000000000002
3 168 -0.0000000000008002
4 168 -0.0000000000008002
164 168 0.0000018838747077
166 168 -0.0071961716425308
168 168 0.0141353510376876
170 168 -0.0069359175499183
172 168 0.0000016663171400
1 169 0.0000000000000002
2 169 0.0000000000000002
3 169 0.0000000000007714
4 169 -0.0000000000007714
165 169 0.0000018376446535
167 169 -0.0071077867749573
169 169 0.0139634818126485
171 169 -0.0068522702342578
173 169 0.0000016266429224
1 170 -0.0000000000000002
2 170 0.0000000000000002
3 170 -0.0000000000007437
4 170 -0.0000000000007437
166 170 0.0000017928240522
168 170 -0.0070210208327394
170 170 0.0137947312141670
172 170 -0.0067701275170996
174 170 0.0000015881424982
1 171 0.0000000000000002
2 171 0.0000000000000002
3 171 0.0000000000007172
4 171 -0.0000000000007172
167 171 0.0000017493616509
169 171 -0.0069358345054073
171 171 0.0136290242258593
173 171 -0.0066894535169524
175 171 0.0000015507744394
1 172 -0.0000000000000002
2 172 0.0000000000000002
3 172 -0.0000000000006918
4 172 -0.0000000000006918
168 172 0.0000017072083581
170 172 -0.0068521896688221
172 172 0.0134662880739896
174 172 -0.0066102134159431
176 172 0.0000015144990139
1 173 0.0000000000000002
2 173 0.0000000000000002
3 173 0.0000000000006675
4 173 -0.0000000000006675
169 173 0.0000016663171400
171 173 -0.0067700493424578
173 173 0.0133064521474750
175 173 -0.0065323734221946
177 173 0.0000014792781066
1 174 -0.0000000000000002
2 174 0.0000000000000002
3 174 -0.0000000000006441
4 174 -0.0000000000006441
170 174 0.0000016266429224
172 174 -0.0066893776484694
174 174 0.0131494479212002
176 174 -0.0064559007337465
178 174 0.0000014450751446
1 175 0.0000000000000002
2 175 0.0000000000000002
3 175 0.0000000000006217
4 175 -0.0000000000006217
171 175 0.0000015881424982
173 175 -0.0066101397724589
175 175 0.0129952088824879
177 175 -0.0063807635039484
179 175 0.0000014118550263
1 176 -0.0000000000000001
2 176 0.0000000000000001
3 176 -0.0000000000006002
4 176 -0.0000000000006002
172 176 0.0000015507744394
174 176 -0.0065323019258619
176 176 0.0128436704605744
178 176 -0.0063069308082569
180 176 0.0000013795840543
1 177 0.0000000000000001
2 177 0.0000000000000001
3 177 0.0000000000005796
4 177 -0.0000000000005796
173 177 0.0000015144990139
175 177 -0.0064558313098772
177 177 0.0126947699589541
179 177 -0.0062343726123716
181 177 0.0000013482298713
1 178 -0.0000000000000001
2 178 0.0000000000000001
3 178 -0.0000000000005598
4 178 -0.0000000000005598
174 178 0.0000014792781066
176 178 -0.0063806960808681
178 178 0.0125484464904576
180 178 -0.0061630597416484
182 178 0.0000013177613996
1 179 0.0000000000000001
2 179 0.0000000000000001
3 179 0.0000000000005408
4 179 -0.0000000000005408
175 179 0.0000014450751446
177 179 -0.0063068653171666
179 179 0.0124046409149393
181 179 -0.0060929638517323
183 179 0.0000012881487839
1 180 -0.0000000000000001
2 180 0.0000000000000001
3 180 -0.0000000000005225
4 180 -0.0000000000005225
176 180 0.0000014118550263
178 180 -0.0062343089872165
180 180 0.0122632957794551
182 180 -0.0060240574003552
184 180 0.0000012593633362
1 181 0.0000000000000001
2 181 0.0000000000000001
3 181 0.0000000000005049
4 181 -0.0000000000005049
177 181 0.0000013795840543
179 181 -0.0061629979189936
181 181 0.0121243552608167
183 181 -0.0059563136202436
185 181 0.0000012313774843
1 182 -0.0000000000000001
2 182 0.0000000000000001
3 182 -0.0000000000004880
4 182 -0.0000000000004880
178 182 0.0000013482298713
180 182 -0.0060929037706450
182 182 0.0119877651104153
184 182 -0.0058897064930898
186 182 0.0000012041647222
1 183 0.0000000000000001
2 183 0.0000000000000001
3 183 0.0000000000004718
4 183 -0.0000000000004718
179 183 0.0000013177613996
181 183 -0.0060239990022918
183 183 0.0118534726012133
185 183 -0.0058242107245372
187 183 0.0000011776995635
1 184 -0.0000000000000001
2 184 0.0000000000000001
3 184 -0.0000000000004562
4 184 -0.0000000000004562
180 184 0.0000012881487839
182 184 -0.0059562568489440
184 184 0.0117214264768066
186 184 -0.0057598017201345
188 184 0.0000011519574965
1 185 0.0000000000000001
2 185 0.0000000000000001
3 185 0.0000000000004412
4 185 -0.0000000000004412
181 185 0.0000012593633362
183 185 -0.0058896512944758
185 185 0.0115915769024652
187 185 -0.0056964555622175
189 185 0.0000011269149422
1 186 -0.0000000000000001
2 186 0.0000000000000001
3 186 -0.0000000000004268
4 186 -0.0000000000004268
182 186 0.0000012313774843
184 186 -0.0058241570466164
186 186 0.0114638754180663
188 186 -0.0056341489876771
190 186 0.0000011025492137
1 187 0.0000000000000001
2 187 0.0000000000000001
3 187 0.0000000000004129
4 187 -0.0000000000004129
183 187 0.0000012041647222
185 187 -0.0057597495129088
187 187 0.0113382748928347
189 187 -0.0055728593665749
191 187 0.0000010788384780
1 188 -0.0000000000000001
2 188 0.0000000000000001
3 188 -0.0000000000003995
4 188 -0.0000000000003995
184 188 0.0000011776995635
186 188 -0.0056964047775962
188 188 0.0112147294818133
190 188 -0.0055125646815689
192 188 0.0000010557617191
1 189 0.0000000000000001
2 189 0.0000000000000001
3 189 0.0000000000003867
4 189 -0.0000000000003867
185 189 0.0000011519574965
187 189 -0.0056340995793944
189 189 0.0110931945839878
191 189 -0.0054532435081164
193 189 0.0000010332987038
1 190 -0.0000000000000001
2 190 0.0000000000000001
3 190 -0.0000000000003743
4 190 -0.0000000000003743
186 190 0.0000011269149422
188 190 -0.0055728112901106
190 190 0.0109736268019936
192 190 -0.0053948749954188
194 190 0.0000010114299481
1 191 0.0000000000000001
2 191 0.0000000000000001
3 191 0.0000000000003624
4 191 -0.0000000000003624
187 191 0.0000011025492137
189 191 -0.0055125178940742
191 191 0.0108559839033382
193 191 -0.0053374388480771
195 191 0.0000009901366861
1 192 -0.0000000000000001
2 192 0.0000000000000001
3 192 -0.0000000000003509
4 192 -0.0000000000003509
188 192 0.0000010788384780
190 192 -0.0054531979683422
192 192 0.0107402247830731
194 192 -0.0052809153084292
196 192 0.0000009694008392
1 193 0.0000000000000001
2 193 0.0000000000000001
3 193 0.0000000000003399
4 193 -0.0000000000003399
189 193 0.0000010557617191
191 193 -0.0053948306636479
193 193 0.0106263094278544
195 193 -0.0052252851395380
197 193 0.0000009492049884
1 194 -0.0000000000000001
2 194 0.0000000000000001
3 194 -0.0000000000003292
4 194 -0.0000000000003292
190 194 0.0000010332987038
192 194 -0.0053373956860594
194 194 0.0105141988813329
196 194 -0.0051705296088053
198 194 0.0000009295323462
1 195 0.0000000000000001
2 195 0.0000000000000001
3 195 0.0000000000003190
4 195 -0.0000000000003190
191 195 0.0000010114299481
193 195 -0.0052808732793203
195 195 0.0104038552108180
197 195 -0.0051166304721840
199 195 0.0000009103667308
1 196 -0.0000000000000001
2 196 0.0000000000000001
3 196 -0.0000000000003091
4 196 -0.0000000000003091
192 196 0.0000009901366861
194 196 -0.0052252442078403
196 196 0.0102952414751617
198 196 -0.0050635699589634
200 196 0.0000008916925414
1 197 0.0000000000000001
2 197 0.0000000000000001
3 197 0.0000000000002995
4 197 -0.0000000000002995
193 197 0.0000009694008392
195 197 -0.0051704897403123
197 197 0.0101883216938129
199 197 -0.0050113307571055
201 197 0.0000008734947345
1 198 -0.0000000000000001
2 198 0.0000000000000001
3 198 -0.0000000000002903
4 198 -0.0000000000002903
194 198 0.0000009492049884
196 198 -0.0051165916339264
198 198 0.0100830608169920
200 198 -0.0049598959991081
202 198 0.0000008557588008
1 199 0.0000000000000001
2 199 0.0000000000000001
3 199 0.0000000000002815
4 199 -0.0000000000002815
195 199 0.0000009295323462
197 199 -0.0050635321191587
199 199 0.0099794246969414
201 199 -0.0049092492483739
203 199 0.0000008384707442
1 200 -0.0000000000000001
2 200 0.0000000000000001
3 200 -0.0000000000002729
4 200 -0.0000000000002729
196 200 0.0000009103667308
198 200 -0.0050112938851092
200 200 0.0098773800602060
202 200 -0.0048593744860650
204 200 0.0000008216170609
1 201 0.0000000000000000
2 201 0.0000000000000000
3 201 0.0000000000002647
4 201 -0.0000000000002647
197 201 0.0000008916925414
199 201 -0.0049598600653674
201 201 0.0097768944809036
203 201 -0.0048102560984228
205 201 0.0000008051847197
1 202 -0.0000000000000000
2 202 0.0000000000000000
3 202 -0.0000000000002567
4 202 -0.0000000000002567
198 202 0.0000008734947345
200 202 -0.0049092142243836
202 202 0.0096779363549428
204 202 -0.0047618788645350
206 202 0.0000007891611432
1 203 0.0000000000000000
2 203 0.0000000000000000
3 203 0.0000000000002490
4 203 -0.0000000000002490
199 203 0.0000008557588008
201 203 -0.0048593403443251
203 203 0.0095804748751527
205 203 -0.0047142279445311
207 203 0.0000007735341898
1 204 -0.0000000000000000
2 204 0.0000000000000000
3 204 -0.0000000000002416
4 204 -0.0000000000002416
200 204 0.0000008384707442
202 204 -0.0048102228123983
204 204 0.0094844800072855
206 204 -0.0046672888681903
208 204 0.0000007582921368
1 205 0.0000000000000000
2 205 0.0000000000000000
3 205 0.0000000000002345
4 205 -0.0000000000002345
201 205 0.0000008216170609
203 205 -0.0047618464086173
205 205 0.0093899224668586
207 205 -0.0046210475239445
209 205 0.0000007434236636
1 206 -0.0000000000000000
2 206 0.0000000000000000
3 206 -0.0000000000002275
4 206 -0.0000000000002275
202 206 0.0000008051847197
204 206 -0.0047141962940013
206 206 0.0092967736968018
208 206 -0.0045754901482614
210 206 0.0000007289178360
1 207 0.0000000000000000
2 207 0.0000000000000000
3 207 0.0000000000002209
4 207 -0.0000000000002209
203 207 0.0000007891611432
205 207 -0.0046672579991840
207 207 0.0092050058458793
209 207 -0.0045306033153923
211 207 0.0000007147640916
1 208 -0.0000000000000000
2 208 0.0000000000000000
3 208 -0.0000000000002144
4 208 -0.0000000000002144
204 208 0.0000007735341898
206 208 -0.0046210174134183
208 208 0.0091145917478533
210 208 -0.0044863739274709
212 208 0.0000007009522251
1 209 0.0000000000000000
2 209 0.0000000000000000
3 209 0.0000000000002082
4 209 -0.0000000000002082
205 209 0.0000007582921368
207 209 -0.0045754607739606
209 209 0.0090255049013637
211 209 -0.0044427892049487
213 209 0.0000006874723746
1 210 -0.0000000000000000
2 210 0.0000000000000000
3 210 -0.0000000000002022
4 210 -0.0000000000002022
206 210 0.0000007434236636
208 210 -0.0045305746558204
210 210 0.0089377194504920
212 210 -0.0043998366773551
214 210 0.0000006743150086
1 211 0.0000000000000000
2 211 0.0000000000000000
3 211 0.0000000000001964
4 211 -0.0000000000001964
207 211 0.0000007289178360
209 211 -0.0044863459618600
211 211 0.0088512101659872
213 211 -0.0043575041743680
215 211 0.0000006614709132
1 212 -0.0000000000000000
2 212 0.0000000000000000
3 212 -0.0000000000001907
4 212 -0.0000000000001907
208 212 0.0000007147640916
210 212 -0.0044427619132317
212 212 0.0087659524271235
214 212 -0.0043157798171850
216 212 0.0000006489311802
1 213 0.0000000000000000
2 213 0.0000000000000000
3 213 0.0000000000001853
4 213 -0.0000000000001853
209 213 0.0000007009522251
211 213 -0.0043998100401386
213 213 0.0086819222041699
215 213 -0.0042746520101819
217 213 0.0000006366871957
1 214 -0.0000000000000000
2 214 0.0000000000000000
3 214 -0.0000000000001800
4 214 -0.0000000000001800
210 214 0.0000006874723746
212 214 -0.0043574781729066
214 214 0.0085990960414451
216 214 -0.0042341094328486
218 214 0.0000006247306286
1 215 0.0000000000000000
2 215 0.0000000000000000
3 215 0.0000000000001749
4 215 -0.0000000000001749
211 215 0.0000006743150086
213 215 -0.0043157544333567
215 215 0.0085174510409370
217 215 -0.0041941410319923
219 215 0.0000006130534206
1 216 -0.0000000000000000
2 216 0.0000000000000000
3 216 -0.0000000000001700
4 216 -0.0000000000001700
212 216 0.0000006614709132
214 216 -0.0042746272264644
216 216 0.0084369648464650
218 216 -0.0041547360141964
220 216 0.0000006016477756
1 217 0.0000000000000000
2 217 0.0000000000000000
3 217 0.0000000000001653
4 217 -0.0000000000001653
213 217 0.0000006489311802
215 217 -0.0042340852322970
217 217 0.0083576156283644
219 217 -0.0041158838385271
221 217 0.0000005905061501
1 218 -0.0000000000000000
2 218 0.0000000000000000
3 218 -0.0000000000001607
4 218 -0.0000000000001607
214 218 0.0000006366871957
216 218 -0.0041941173982172
218 218 0.0082793820686742
220 218 -0.0040775742094774
222 218 0.0000005796212441
1 219 0.0000000000000000
2 219 0.0000000000000000
3 219 0.0000000000001562
4 219 -0.0000000000001562
215 219 0.0000006247306286
217 219 -0.0041547129313434
219 219 0.0082022433468083
221 219 -0.0040397970701409
223 219 0.0000005689859919
1 220 -0.0000000000000000
2 220 0.0000000000000000
3 220 -0.0000000000001519
4 220 -0.0000000000001519
216 220 0.0000006130534206
218 220 -0.0041158612912566
220 220 0.0081261791256926
222 220 -0.0040025425956050
224 220 0.0000005585935537
1 221 0.0000000000000000
2 221 0.0000000000000000
3 221 0.0000000000001477
4 221 -0.0000000000001477
217 221 0.0000006016477756
219 221 -0.0040775521829460
221 221 0.0080511695383517
223 221 -0.0039658011865576
225 221 0.0000005484373073
1 222 -0.0000000000000000
2 222 0.0000000000000000
3 222 -0.0000000000001437
4 222 -0.0000000000001437
218 222 0.0000005905061501
220 222 -0.0040397755499827
222 222 0.0079771951749266
224 222 -0.0039295634630979
226 222 0.0000005385108402
1 223 0.0000000000000000
2 223 0.0000000000000000
3 223 0.0000000000001398
4 223 -0.0000000000001398
219 223 0.0000005796212441
221 223 -0.0040025215679146
223 223 0.0079042370701098
225 223 -0.0038938202587445
227 223 0.0000005288079422
1 224 -0.0000000000000000
2 224 0.0000000000000000
3 224 -0.0000000000001360
4 224 -0.0000000000001360
220 224 0.0000005689859919
222 224 -0.0039657806378730
224 224 0.0078322766909813
226 224 -0.0038585626146339
228 224 0.0000005193225979
1 225 0.0000000000000000
2 225 0.0000000000000000
3 225 0.0000000000001323
4 225 -0.0000000000001323
221 225 0.0000005585935537
223 225 -0.0039295433803843
225 225 0.0077612959252308
227 225 -0.0038237817739016
229 225 0.0000005100489801
1 226 -0.0000000000000000
2 226 0.0000000000000000
3 226 -0.0000000000001288
4 226 -0.0000000000001288
222 226 0.0000005484373073
224 226 -0.0038938006293794
226 226 0.0076912770697530
228 226 -0.0037894691762405
230 226 0.0000005009814427
1 227 0.0000000000000000
2 227 0.0000000000000000
3 227 0.0000000000001253
4 227 -0.0000000000001253
223 227 0.0000005385108402
225 227 -0.0038585434263916
227 227 0.0076222028196019
229 227 -0.0037556164526291
231 227 0.0000004921145145
1 228 -0.0000000000000000
2 228 0.0000000000000000
3 228 -0.0000000000001220
4 228 -0.0000000000001220
224 228 0.0000005288079422
226 228 -0.0038237630149395
228 228 0.0075540562572916
230 228 -0.0037222154202243
232 228 0.0000004834428931
1 229 0.0000000000000000
2 229 0.0000000000000000
3 229 0.0000000000001188
4 229 -0.0000000000001188
225 229 0.0000005193225979
227 229 -0.0037894508350852
229 229 0.0074868208424306
231 229 -0.0036892580774121
233 229 0.0000004749614388
1 230 -0.0000000000000000
2 230 0.0000000000000000
3 230 -0.0000000000001156
4 230 -0.0000000000001156
226 230 0.0000005100489801
228 230 -0.0037555985181635
230 230 0.0074204804016792
232 230 -0.0036567365990119
234 230 0.0000004666651692
1 231 0.0000000000000000
2 231 0.0000000000000000
3 231 0.0000000000001126
4 231 -0.0000000000001126
227 231 0.0000005009814427
229 231 -0.0037221978816747
231 231 0.0073550191190163
233 231 -0.0036246433316275
235 231 0.0000004585492532
1 232 -0.0000000000000000
2 232 0.0000000000000000
3 232 -0.0000000000001097
4 232 -0.0000000000001097
228 232 0.0000004921145145
230 232 -0.0036892409243364
232 232 0.0072904215263074
234 232 -0.0035929707891410
236 232 0.0000004506090064
1 233 0.0000000000000000
2 233 0.0000000000000000
3 233 0.0000000000001068
4 233 -0.0000000000001068
229 233 0.0000004834428931
231 233 -0.0036567198212879
233 233 0.0072266724941605
235 233 -0.0035617116483436
237 233 0.0000004428398856
1 234 -0.0000000000000000
2 234 0.0000000000000000
3 234 -0.0000000000001040
4 234 -0.0000000000001040
230 234 0.0000004749614388
232 234 -0.0036246269194418
234 234 0.0071637572230624
236 234 -0.0035308587446992
238 234 0.0000004352374841
1 235 0.0000000000000000
2 235 0.0000000000000000
3 235 0.0000000000001014
4 235 -0.0000000000001014
231 235 0.0000004666651692
233 235 -0.0035929547329782
235 235 0.0071016612347833
237 235 -0.0035004050682357
239 235 0.0000004277975271
1 236 -0.0000000000000000
2 236 0.0000000000000000
3 236 -0.0000000000000987
4 236 -0.0000000000000987
232 236 0.0000004585492532
234 236 -0.0035616959389760
236 236 0.0070403703640430
238 236 -0.0034703437595607
240 236 0.0000004205158671
1 237 0.0000000000000000
2 237 0.0000000000000000
3 237 0.0000000000000962
4 237 -0.0000000000000962
233 237 0.0000004506090064
235 237 -0.0035308433731769
237 237 0.0069798707504268
239 237 -0.0034406681059955
241 237 0.0000004133884795
1 238 -0.0000000000000000
2 238 0.0000000000000000
3 238 -0.0000000000000938
4 238 -0.0000000000000938
234 238 0.0000004428398856
236 238 -0.0035003900258773
238 238 0.0069201488305450
240 238 -0.0034113715378249
242 238 0.0000004064114587
1 239 0.0000000000000000
2 239 0.0000000000000000
3 239 0.0000000000000914
4 239 -0.0000000000000914
235 239 0.0000004352374841
237 239 -0.0034703290379437
239 239 0.0068611913304262
241 239 -0.0033824476246588
243 239 0.0000003995810141
1 240 -0.0000000000000000
2 240 0.0000000000000000
3 240 -0.0000000000000891
4 240 -0.0000000000000891
236 240 0.0000004277975271
238 240 -0.0034406536969479
240 240 0.0068029852581371
242 240 -0.0033538900719006
244 240 0.0000003928934657
1 241 0.0000000000000000
2 241 0.0000000000000000
3 241 0.0000000000000868
4 241 -0.0000000000000868
237 241 0.0000004205158671
239 241 -0.0034113574334166
241 241 0.0067455178966212
243 241 -0.0033256927173201
245 241 0.0000003863452413
1 242 -0.0000000000000000
2 242 0.0000000000000000
3 242 -0.0000000000000847
4 242 -0.0000000000000847
238 242 0.0000004133884795
240 242 -0.0033824338171934
242 242 0.0066887767967479
244 242 -0.0032978495277268
246 242 0.0000003799328721
1 243 0.0000000000000000
2 243 0.0000000000000000
3 243 0.0000000000000826
4 243 -0.0000000000000826
239 243 0.0000004064114587
241 243 -0.0033538765539076
243 243 0.0066327497705672
245 243 -0.0032703545957405
247 243 0.0000003736529899
1 244 -0.0000000000000000
2 244 0.0000000000000000
3 244 -0.0000000000000805
4 244 -0.0000000000000805
240 244 0.0000003995810141
242 244 -0.0033256794815473
244 244 0.0065774248847604
246 244 -0.0032432021366552
248 244 0.0000003675023234
1 245 0.0000000000000000
2 245 0.0000000000000000
3 245 0.0000000000000785
4 245 -0.0000000000000785
241 245 0.0000003928934657
243 245 -0.0032978365671333
245 245 0.0065227904542823
247 245 -0.0032163864853949
249 245 0.0000003614776952
1 246 -0.0000000000000000
2 246 0.0000000000000000
3 246 -0.0000000000000766
4 246 -0.0000000000000766
242 246 0.0000003863452413
244 246 -0.0032703419034892
246 246 0.0064688350361881
248 246 -0.0031899020935561
250 246 0.0000003555760185
1 247 0.0000000000000000
2 247 0.0000000000000000
3 247 0.0000000000000747
4 247 -0.0000000000000747
243 247 0.0000003799328721
245 247 -0.0032431897061065
247 247 0.0064155474236377
249 247 -0.0031637435265360
251 247 0.0000003497942947
1 248 -0.0000000000000000
2 248 0.0000000000000000
3 248 -0.0000000000000729
4 248 -0.0000000000000729
244 248 0.0000003736529899
246 248 -0.0032163743101002
248 248 0.0063629166400735
250 248 -0.0031379054607426
252 248 0.0000003441296097
1 249 0.0000000000000000
2 249 0.0000000000000000
3 249 0.0000000000000711
4 249 -0.0000000000000711
245 249 0.0000003675023234
247 249 -0.0031898901672512
249 249 0.0063109319335649
251 249 -0.0031123826808839
253 249 0.0000003385791321
1 250 -0.0000000000000000
2 250 0.0000000000000000
3 250 -0.0000000000000694
4 250 -0.0000000000000694
246 250 0.0000003614776952
248 250 -0.0031637318431355
250 250 0.0062595827713133
252 250 -0.0030871700773350
254 250 0.0000003331401099
1 251 0.0000000000000000
2 251 0.0000000000000000
3 251 0.0000000000000677
4 251 -0.0000000000000677
247 251 0.0000003555760185
249 251 -0.0031378940143337
251 251 0.0062088588343145
253 251 -0.0030622626435784
255 251 0.0000003278098682
1 252 -0.0000000000000000
2 252 0.0000000000000000
3 252 -0.0000000000000661
4 252 -0.0000000000000661
248 252 0.0000003497942947
250 252 -0.0031123714657214
252 252 0.0061587500121716
254 252 -0.0030376554737176
256 252 0.0000003225858065
1 253 0.0000000000000000
2 253 0.0000000000000000
3 253 0.0000000000000645
4 253 -0.0000000000000645
249 253 0.0000003441296097
251 253 -0.0030871590878352
253 253 0.0061092463980540
255 253 -0.0030133437600589
257 253 0.0000003174653969
1 254 -0.0000000000000000
2 254 0.0000000000000000
3 254 -0.0000000000000629
4 254 -0.0000000000000629
250 254 0.0000003385791321
252 254 -0.0030622518743145
254 254 0.0060603382837983
256 254 -0.0029893227907622
258 254 0.0000003124461811
1 255 0.0000000000000000
2 255 0.0000000000000000
3 255 0.0000000000000615
4 255 -0.0000000000000615
251 255 0.0000003331401099
253 255 -0.0030376449194142
255 255 0.0060120161551463
257 255 -0.0029655879475564
259 255 0.0000003075257688
1 256 -0.0000000000000000
2 256 0.0000000000000000
3 256 -0.0000000000000600
4 256 -0.0000000000000600
252 256 0.0000003278098682
254 256 -0.0030133334155876
256 256 0.0059642706871151
258 256 -0.0029421347035178
260 256 0.0000003027018352
1 257 0.0000000000000000
2 257 0.0000000000000000
3 257 0.0000000000000586
4 257 -0.0000000000000586
253 257 0.0000003225858065
255 257 -0.0029893126511368
257 257 0.0059170927394961
259 257 -0.0029189586209107
261 257 0.0000002979721190
1 258 0.0000000000146667
2 258 -0.0000000000146667
3 258 -0.0000000000000572
4 258 -0.0000000000000572
254 258 0.0000003174653969
256 258 -0.0029655780079283
258 258 0.0058704733524785
260 258 -0.0028960553490863
1 259 -0.0000000000144393
2 259 -0.0000000000144393
3 259 0.0000000074507502
4 259 -0.0000000074507502
255 259 0.0000003124461811
257 259 -0.0029421249591719
259 259 0.0058244037423929
261 259 -0.0028734206224399
1 260 -0.0000000000437684
2 260 0.0000000000437684
3 260 -0.0000000073641129
4 260 -0.0000000073641129
256 260 0.0000003075257688
258 260 -0.0029189490672609
260 260 0.0057788752975719
1 261 0.0000000000430907
2 261 0.0000000000430907
3 261 -0.0000000148999973
4 261 0.0000000148999973
257 261 0.0000003027018352
259 261 -0.0028960459816717
261 261 0.0057338795743239
