430 430 1544
1 1 8.3333333333333002
7 1 1.0000000000000000
15 1 -8.3333333333333002
2 2 8.3333333333333002
8 2 1.0000000000000000
17 2 -8.3333333333333002
3 3 100000.0000000000000000
21 3 -0.0000000000000000
36 3 -100000.0000000000000000
4 4 100000.0000000000000000
15 4 -0.0000000000000000
37 4 -100000.0000000000000000
5 5 100000.0000000000000000
25 5 -0.0000000000000000
40 5 -100000.0000000000000000
6 6 100000.0000000000000000
17 6 -0.0000000000000000
41 6 -100000.0000000000000000
1 7 1.0000000000000000
19 7 -1.0000000000000000
2 8 1.0000000000000000
20 8 -1.0000000000000000
31 9 -1.0000000000000000
33 9 1.0000000000000000
32 10 -1.0000000000000000
34 10 1.0000000000000000
24 11 1.0000000000000000
36 11 -1.0000000000000000
29 12 1.0000000000000000
37 12 -1.0000000000000000
28 13 1.0000000000000000
40 13 -1.0000000000000000
30 14 1.0000000000000000
41 14 -1.0000000000000000
1 15 -8.3333333333333002
4 15 -0.0000000000000000
15 15 8.3395833333332998
19 15 -0.0062500000000000
52 15 1.0000000000000000
16 16 100000.0000000000000000
19 16 -100000.0000000000000000
95 16 -0.0000000000000000
2 17 -8.3333333333333002
6 17 -0.0000000000000000
17 17 8.3395833333332998
20 17 -0.0062500000000000
58 17 1.0000000000000000
18 18 100000.0000000000000000
20 18 -100000.0000000000000000
96 18 -0.0000000000000000
7 19 -1.0000000000000000
15 19 -0.0062500000000000
16 19 -100000.0000000000000000
19 19 200000.0062833300034981
95 19 -0.0000333333333333
97 19 -100000.0000000000000000
8 20 -1.0000000000000000
17 20 -0.0062500000000000
18 20 -100000.0000000000000000
20 20 200000.0062833300034981
96 20 -0.0000333333333333
98 20 -100000.0000000000000000
3 21 -0.0000000000000000
21 21 18.1961038961039989
22 21 -18.1818181818179987
47 21 -1.0000000000000000
49 21 8061.3865339149997453
99 21 -0.0142857142857140
21 22 -18.1818181818179987
22 22 18.1818181818179987
59 22 1.0000000000000000
23 23 100000.0000000000000000
95 23 -100000.0000000000000000
99 23 -0.0000000000000000
11 24 1.0000000000000000
24 24 1.2987012987013000
100 24 -1.2987012987013000
5 25 -0.0000000000000000
25 25 18.1961038961039989
26 25 -18.1818181818179987
53 25 -1.0000000000000000
55 25 8061.3865325173001111
101 25 -0.0142857142857140
25 26 -18.1818181818179987
26 26 18.1818181818179987
60 26 1.0000000000000000
27 27 100000.0000000000000000
96 27 -100000.0000000000000000
101 27 -0.0000000000000000
13 28 1.0000000000000000
28 28 1.2987012987013000
102 28 -1.2987012987013000
12 29 1.0000000000000000
29 29 0.7142857142857100
103 29 -0.7142857142857100
14 30 1.0000000000000000
30 30 0.7142857142857100
104 30 -0.7142857142857100
9 31 -1.0000000000000000
63 31 1.0000000000000000
10 32 -1.0000000000000000
66 32 1.0000000000000000
9 33 1.0000000000000000
33 33 3.2051282051282000
111 33 -3.2051282051282000
10 34 1.0000000000000000
34 34 3.2051282051282000
113 34 -3.2051282051282000
35 35 100000.0000000000000000
100 35 -0.0000000000000000
115 35 -100000.0000000000000000
3 36 -100000.0000000000000000
11 36 -1.0000000000000000
36 36 100000.0006060599989723
69 36 -1.0000000000000000
71 36 8061.3865339149997453
100 36 -0.0006060606060606
4 37 -100000.0000000000000000
12 37 -1.0000000000000000
37 37 100000.0003246800042689
74 37 1.0000000000000000
103 37 -0.0003246753246753
38 38 100000.0000000000000000
103 38 -100000.0000000000000000
115 38 -0.0000000000000000
39 39 100000.0000000000000000
102 39 -0.0000000000000000
117 39 -100000.0000000000000000
5 40 -100000.0000000000000000
13 40 -1.0000000000000000
40 40 100000.0006060599989723
77 40 -1.0000000000000000
79 40 8061.3865325173001111
102 40 -0.0006060606060606
6 41 -100000.0000000000000000
14 41 -1.0000000000000000
41 41 100000.0003246800042689
82 41 1.0000000000000000
104 41 -0.0003246753246753
42 42 100000.0000000000000000
104 42 -100000.0000000000000000
117 42 -0.0000000000000000
43 43 0.8826125330979701
45 43 -1.0000000000000000
85 43 -0.8826125330979701
44 44 0.8826125330979701
46 44 -1.0000000000000000
86 44 -0.8826125330979701
43 45 -1.0000000000000000
87 45 1.0000000000000000
44 46 -1.0000000000000000
90 46 1.0000000000000000
21 47 -1.0000000000000000
48 47 1.0000000000000000
75 47 -310.0775193798399982
47 48 1.0000000000000000
49 48 -8062.3865339149997453
48 49 -1.0000000000000000
95 49 1.0000000000000000
51 50 1.0000000000000000
75 50 -465.1162790697699734
95 50 -1.0000000000000000
50 51 1.0000000000000000
52 51 -8062.3865339149997453
15 52 1.0000000000000000
51 52 -1.0000000000000000
25 53 -1.0000000000000000
54 53 1.0000000000000000
83 53 -310.0775193798399982
53 54 1.0000000000000000
55 54 -8062.3865325173001111
54 55 -1.0000000000000000
96 55 1.0000000000000000
57 56 1.0000000000000000
83 56 -465.1162790697699734
96 56 -1.0000000000000000
56 57 1.0000000000000000
58 57 -8062.3865325173001111
17 58 1.0000000000000000
57 58 -1.0000000000000000
22 59 1.0000000000000000
99 59 -1.0000000000000000
26 60 1.0000000000000000
101 60 -1.0000000000000000
62 61 1.0000000000000000
105 61 -1.0000000000000000
388 61 -691.4893617021300543
61 62 1.0000000000000000
63 62 -25.0048382417569997
31 63 1.0000000000000000
62 63 -1.0000000000000000
65 64 1.0000000000000000
106 64 -1.0000000000000000
393 64 -691.4893617021300543
64 65 1.0000000000000000
66 65 -25.0048382417580015
32 66 1.0000000000000000
65 66 -1.0000000000000000
67 67 0.8955619763982300
89 67 -0.8826125330979701
109 67 -0.0129494433002620
68 68 0.8955619763982300
92 68 -0.8826125330979701
110 68 -0.0129494433002620
36 69 -1.0000000000000000
70 69 1.0000000000000000
75 69 -1705.4263565890998962
69 70 1.0000000000000000
71 70 -8062.3865339149997453
70 71 -1.0000000000000000
115 71 1.0000000000000000
73 72 1.0000000000000000
75 72 -2325.5813953488000152
115 72 -1.0000000000000000
72 73 1.0000000000000000
74 73 -8062.3865339149997453
37 74 1.0000000000000000
73 74 -1.0000000000000000
75 75 1.0000000000000000
76 76 1.0000000000000000
40 77 -1.0000000000000000
78 77 1.0000000000000000
83 77 -1705.4263565890998962
77 78 1.0000000000000000
79 78 -8062.3865325173001111
78 79 -1.0000000000000000
117 79 1.0000000000000000
81 80 1.0000000000000000
83 80 -2325.5813953488000152
117 80 -1.0000000000000000
80 81 1.0000000000000000
82 81 -8062.3865325173001111
41 82 1.0000000000000000
81 82 -1.0000000000000000
83 83 1.0000000000000000
84 84 1.0000000000000000
43 85 -0.8826125330979701
85 85 0.8955735184525900
119 85 -0.0129609853546200
44 86 -0.8826125330979701
86 86 0.8955735184525900
120 86 -0.0129609853546200
45 87 1.0000000000000000
87 87 0.0064102564102564
205 87 -0.0064102564102564
88 88 0.0172413793103450
105 88 -0.0000000000000000
127 88 -1.0000000000000000
129 88 24.0048382417569997
206 88 -0.0172413793103450
67 89 -0.8826125330979701
89 89 0.8826125330979701
130 89 -1.0000000000000000
46 90 1.0000000000000000
90 90 0.0064102564102564
207 90 -0.0064102564102564
91 91 0.0172413793103450
106 91 -0.0000000000000000
131 91 -1.0000000000000000
133 91 24.0048382417580015
208 91 -0.0172413793103450
68 92 -0.8826125330979701
92 92 0.8826125330979701
134 92 -1.0000000000000000
93 93 8.0000000000000000
116 93 -4.0000000000000000
209 93 -4.0000000000000000
94 94 8.0000000000000000
118 94 -4.0000000000000000
210 94 -4.0000000000000000
16 95 -0.0000000000000000
19 95 -0.0000333333333333
23 95 -100000.0000000000000000
49 95 1.0000000000000000
50 95 -1.0000000000000000
52 95 8061.3865339149997453
95 95 200000.0001102699898183
99 95 -0.0000769230769231
115 95 -0.0000000100000000
215 95 -100000.0000000000000000
18 96 -0.0000000000000000
20 96 -0.0000333333333333
27 96 -100000.0000000000000000
55 96 1.0000000000000000
56 96 -1.0000000000000000
58 96 8061.3865325173001111
96 96 200000.0001102699898183
101 96 -0.0000769230769231
117 96 -0.0000000100000000
216 96 -100000.0000000000000000
19 97 -100000.0000000000000000
97 97 100000.0000000000000000
137 97 1.0000000000000000
20 98 -100000.0000000000000000
98 98 100000.0000000000000000
138 98 1.0000000000000000
21 99 -0.0142857142857140
23 99 -0.0000000000000000
59 99 -1.0000000000000000
95 99 -0.0000769230769231
99 99 100000.0143626399949426
223 99 -100000.0000000000000000
24 100 -1.2987012987013000
35 100 -0.0000000000000000
36 100 -0.0006060606060606
100 100 100001.2993098199949600
115 100 -0.0000024630541872
225 100 -100000.0000000000000000
25 101 -0.0142857142857140
27 101 -0.0000000000000000
60 101 -1.0000000000000000
96 101 -0.0000769230769231
101 101 100000.0143626399949426
226 101 -100000.0000000000000000
28 102 -1.2987012987013000
39 102 -0.0000000000000000
40 102 -0.0006060606060606
102 102 100001.2993098199949600
117 102 -0.0000024630541872
228 102 -100000.0000000000000000
29 103 -0.7142857142857100
37 103 -0.0003246753246753
38 103 -100000.0000000000000000
103 103 200000.7146117200027220
115 103 -0.0000013333333333
229 103 -100000.0000000000000000
30 104 -0.7142857142857100
41 104 -0.0003246753246753
42 104 -100000.0000000000000000
104 104 200000.7146117200027220
117 104 -0.0000013333333333
230 104 -100000.0000000000000000
61 105 -1.0000000000000000
63 105 24.0048382417569997
88 105 -0.0000000000000000
105 105 1000000.0000000000000000
233 105 -1000000.0000000000000000
64 106 -1.0000000000000000
66 106 24.0048382417580015
91 106 -0.0000000000000000
106 106 1000000.0000000000000000
234 106 -1000000.0000000000000000
107 107 0.3357958361326300
135 107 -0.0000000000010000
235 107 -0.3357958361316300
108 108 0.3357958361326300
136 108 -0.0000000000010000
236 108 -0.3357958361316300
67 109 -0.0129494433002620
109 109 0.8955619763982300
147 109 -0.8826125330979701
68 110 -0.0129494433002620
110 110 0.8955619763982300
148 110 -0.8826125330979701
33 111 -3.2051282051282000
111 111 1000003.2051282000029460
247 111 -1000000.0000000000000000
112 112 2.5000000000000000
211 112 -2.0000000000000000
247 112 -0.5000000000000000
34 113 -3.2051282051282000
113 113 1000003.2051282000029460
248 113 -1000000.0000000000000000
114 114 2.5000000000000000
212 114 -2.0000000000000000
248 114 -0.5000000000000000
35 115 -100000.0000000000000000
38 115 -0.0000000000000000
71 115 1.0000000000000000
72 115 -1.0000000000000000
74 115 8061.3865339149997453
95 115 -0.0000000100000000
100 115 -0.0000024630541872
103 115 -0.0000013333333333
115 115 200000.0000038100115489
249 115 -100000.0000000000000000
93 116 -4.0000000000000000
116 116 4.0099999999999998
249 116 -0.0100000000000000
39 117 -100000.0000000000000000
42 117 -0.0000000000000000
79 117 1.0000000000000000
80 117 -1.0000000000000000
82 117 8061.3865325173001111
96 117 -0.0000000100000000
102 117 -0.0000024630541872
104 117 -0.0000013333333333
117 117 200000.0000038100115489
250 117 -100000.0000000000000000
94 118 -4.0000000000000000
118 118 4.0099999999999998
250 118 -0.0100000000000000
85 119 -0.0129609853546200
119 119 0.0132943686879530
239 119 -0.0000000500000000
251 119 -0.0003333333333333
86 120 -0.0129609853546200
120 120 0.0132943686879530
240 120 -0.0000000500000000
252 120 -0.0003333333333333
121 121 100.0000000000000000
153 121 -0.0000000000010000
179 121 -100.0000000000000000
122 122 0.4236965758133200
165 122 -0.3797949107482000
179 122 -0.0439016650651210
123 123 0.3797949107510900
165 123 -0.0000000000028948
179 123 -0.3797949107482000
124 124 100.0000000000000000
154 124 -0.0000000000010000
203 124 -100.0000000000000000
125 125 0.4236965757838200
189 125 -0.3797949107482000
203 125 -0.0439016650356290
126 126 0.3797949107510900
189 126 -0.0000000000028948
203 126 -0.3797949107482000
88 127 -1.0000000000000000
128 127 1.0000000000000000
388 127 -7047.8723404254997149
127 128 1.0000000000000000
129 128 -25.0048382417569997
128 129 -1.0000000000000000
205 129 1.0000000000000000
89 130 -1.0000000000000000
206 130 1.0000000000000000
91 131 -1.0000000000000000
132 131 1.0000000000000000
393 131 -7047.8723404254997149
131 132 1.0000000000000000
133 132 -25.0048382417580015
132 133 -1.0000000000000000
207 133 1.0000000000000000
92 134 -1.0000000000000000
208 134 1.0000000000000000
107 135 -0.0000000000010000
135 135 100.0000000000000000
217 135 -100.0000000000000000
108 136 -0.0000000000010000
136 136 100.0000000000000000
218 136 -100.0000000000000000
97 137 1.0000000000000000
219 137 -1.0000000000000000
98 138 1.0000000000000000
221 138 -1.0000000000000000
139 139 26.3259504687389985
219 139 -8.4368628122093003
231 139 -17.8890876565299983
140 140 26.3259504624470004
221 140 -8.4368628059174995
232 140 -17.8890876565299983
141 141 1000.0000000000000000
151 141 -0.0000000000010000
233 141 -1000.0000000000000000
142 142 1000.0000000000000000
152 142 -0.0000000000010000
234 142 -1000.0000000000000000
143 143 1.0000000000010001
217 143 -1.0000000000000000
235 143 -0.0000000000010000
144 144 0.0100000001287280
217 144 -0.0000000001287275
235 144 -0.0100000000000000
145 145 1.0000000000010001
218 145 -1.0000000000000000
236 145 -0.0000000000010000
146 146 0.0100000001287280
218 146 -0.0000000001287276
236 146 -0.0100000000000000
109 147 -0.8826125330979701
147 147 0.8955619763982300
238 147 -0.0129494433002620
110 148 -0.8826125330979701
148 148 0.8955619763982300
238 148 -0.0129494433002620
149 149 1012.4448845526000014
155 149 -12.4448845525730007
243 149 -1000.0000000000000000
150 150 1012.4448847833999707
156 150 -12.4448847834160006
244 150 -1000.0000000000000000
141 151 -0.0000000000010000
151 151 0.0143884892096330
142 152 -0.0000000000010000
152 152 0.0143884892096330
121 153 -0.0000000000010000
153 153 1.4285714285724000
124 154 -0.0000000000010000
154 154 1.4285714285724000
149 155 -12.4448845525730007
155 155 12.9448845525730007
150 156 -12.4448847834160006
156 156 12.9448847834160006
157 157 1000.0009999999999764
276 157 -1000.0000000000000000
158 158 1000.0009999999999764
279 158 -1000.0000000000000000
159 159 3000.0000199999999495
273 159 -1000.0000000000000000
275 159 -1000.0000000000000000
278 159 -1000.0000000000000000
160 160 3000.0000000000000000
272 160 -1000.0000000000000000
277 160 -1000.0000000000000000
283 160 -1000.0000000000000000
161 161 1000.0003555555999810
169 161 -0.0001333333333333
173 161 -0.0002222222222222
287 161 -1000.0000000000000000
162 162 1000.0454545454999788
170 162 -0.0454545454545450
294 162 -1000.0000000000000000
163 163 1000.0666666667000300
292 163 -1000.0000000000000000
164 164 2000.0000000000000000
282 164 -1000.0000000000000000
297 164 -1000.0000000000000000
122 165 -0.3797949107482000
123 165 -0.0000000000028948
165 165 1000.3798949107999761
179 165 -0.0000000000000000
239 165 -0.0001000000000000
296 165 -1000.0000000000000000
166 166 2000.0099999999999909
290 166 -1000.0000000000000000
300 166 -1000.0000000000000000
167 167 2000.0000399999998990
299 167 -1000.0000000000000000
303 167 -1000.0000000000000000
168 168 4000.0000000000000000
173 168 -0.0000000000000000
274 168 -1000.0000000000000000
280 168 -1000.0000000000000000
289 168 -1000.0000000000000000
302 168 -1000.0000000000000000
161 169 -0.0001333333333333
169 169 4000.0001333332998001
288 169 -1000.0000000000000000
293 169 -1000.0000000000000000
298 169 -1000.0000000000000000
301 169 -1000.0000000000000000
162 170 -0.0454545454545450
170 170 1000.0829915824999716
171 170 -0.0370370370370370
217 170 -0.0005000000000000
306 170 -1000.0000000000000000
170 171 -0.0370370370370370
171 171 2000.0370370369998909
305 171 -1000.0000000000000000
309 171 -1000.0000000000000000
172 172 1000.0666666667000300
243 172 -0.0666666666666670
307 172 -1000.0000000000000000
161 173 -0.0002222222222222
168 173 -0.0000000000000000
173 173 4000.0002222222001365
286 173 -1000.0000000000000000
304 173 -1000.0000000000000000
308 173 -1000.0000000000000000
310 173 -1000.0000000000000000
174 174 3000.0000256409998656
176 174 -0.0000256410256410
311 174 -1000.0000000000000000
313 174 -1000.0000000000000000
314 174 -1000.0000000000000000
175 175 1000.0001999999999498
321 175 -1000.0000000000000000
174 176 -0.0000256410256410
176 176 3000.0000256409998656
316 176 -1000.0000000000000000
317 176 -1000.0000000000000000
320 176 -1000.0000000000000000
177 177 4000.0000000000000000
265 177 -1000.0000000000000000
281 177 -1000.0000000000000000
284 177 -1000.0000000000000000
319 177 -1000.0000000000000000
178 178 2000.0000000000000000
285 178 -1000.0000000000000000
324 178 -1000.0000000000000000
121 179 -100.0000000000000000
122 179 -0.0439016650651210
123 179 -0.3797949107482000
165 179 -0.0000000000000000
179 179 1100.4348371537000730
243 179 -0.0005000000000000
257 179 -0.0100000000000000
258 179 -0.0006405779045572
323 179 -1000.0000000000000000
180 180 5000.0000000000000000
266 180 -1000.0000000000000000
268 180 -1000.0000000000000000
269 180 -1000.0000000000000000
295 180 -1000.0000000000000000
322 180 -1000.0000000000000000
181 181 1000.0009999999999764
336 181 -1000.0000000000000000
182 182 1000.0009999999999764
339 182 -1000.0000000000000000
183 183 3000.0000199999999495
333 183 -1000.0000000000000000
335 183 -1000.0000000000000000
338 183 -1000.0000000000000000
184 184 3000.0000000000000000
332 184 -1000.0000000000000000
337 184 -1000.0000000000000000
343 184 -1000.0000000000000000
185 185 1000.0003555555999810
193 185 -0.0001333333333333
197 185 -0.0002222222222222
347 185 -1000.0000000000000000
186 186 1000.0454545454999788
194 186 -0.0454545454545450
354 186 -1000.0000000000000000
187 187 1000.0666666667000300
352 187 -1000.0000000000000000
188 188 2000.0000000000000000
342 188 -1000.0000000000000000
357 188 -1000.0000000000000000
125 189 -0.3797949107482000
126 189 -0.0000000000028948
189 189 1000.3798949107999761
203 189 -0.0000000000000000
240 189 -0.0001000000000000
356 189 -1000.0000000000000000
190 190 2000.0099999999999909
350 190 -1000.0000000000000000
360 190 -1000.0000000000000000
191 191 2000.0000399999998990
359 191 -1000.0000000000000000
363 191 -1000.0000000000000000
192 192 4000.0000000000000000
197 192 -0.0000000000000000
334 192 -1000.0000000000000000
340 192 -1000.0000000000000000
349 192 -1000.0000000000000000
362 192 -1000.0000000000000000
185 193 -0.0001333333333333
193 193 4000.0001333332998001
348 193 -1000.0000000000000000
353 193 -1000.0000000000000000
358 193 -1000.0000000000000000
361 193 -1000.0000000000000000
186 194 -0.0454545454545450
194 194 1000.0829915824999716
195 194 -0.0370370370370370
218 194 -0.0005000000000000
366 194 -1000.0000000000000000
194 195 -0.0370370370370370
195 195 2000.0370370369998909
365 195 -1000.0000000000000000
369 195 -1000.0000000000000000
196 196 1000.0666666667000300
244 196 -0.0666666666666670
367 196 -1000.0000000000000000
185 197 -0.0002222222222222
192 197 -0.0000000000000000
197 197 4000.0002222222001365
346 197 -1000.0000000000000000
364 197 -1000.0000000000000000
368 197 -1000.0000000000000000
370 197 -1000.0000000000000000
198 198 3000.0000256409998656
200 198 -0.0000256410256410
371 198 -1000.0000000000000000
373 198 -1000.0000000000000000
374 198 -1000.0000000000000000
199 199 1000.0001999999999498
381 199 -1000.0000000000000000
198 200 -0.0000256410256410
200 200 3000.0000256409998656
376 200 -1000.0000000000000000
377 200 -1000.0000000000000000
380 200 -1000.0000000000000000
201 201 4000.0000000000000000
325 201 -1000.0000000000000000
341 201 -1000.0000000000000000
344 201 -1000.0000000000000000
379 201 -1000.0000000000000000
202 202 2000.0000000000000000
345 202 -1000.0000000000000000
384 202 -1000.0000000000000000
124 203 -100.0000000000000000
125 203 -0.0439016650356290
126 203 -0.3797949107482000
189 203 -0.0000000000000000
203 203 1100.4348371537000730
244 203 -0.0005000000000000
259 203 -0.0100000000000000
260 203 -0.0006405779045070
383 203 -1000.0000000000000000
204 204 5000.0000000000000000
326 204 -1000.0000000000000000
328 204 -1000.0000000000000000
329 204 -1000.0000000000000000
355 204 -1000.0000000000000000
382 204 -1000.0000000000000000
87 205 -0.0064102564102564
129 205 1.0000000000000000
205 205 0.0064102564102564
385 205 -1.0000000000000000
387 205 24.0048382417569997
88 206 -0.0172413793103450
130 206 1.0000000000000000
206 206 0.0172413793103450
90 207 -0.0064102564102564
133 207 1.0000000000000000
207 207 0.0064102564102564
390 207 -1.0000000000000000
392 207 24.0048382417580015
91 208 -0.0172413793103450
134 208 1.0000000000000000
208 208 0.0172413793103450
93 209 -4.0000000000000000
209 209 4.0000000000000000
395 209 1.0000000000000000
94 210 -4.0000000000000000
210 210 4.0000000000000000
396 210 1.0000000000000000
112 211 -2.0000000000000000
211 211 2.0000000000000000
397 211 1.0000000000000000
114 212 -2.0000000000000000
212 212 2.0000000000000000
398 212 1.0000000000000000
213 213 0.0001653571620896
239 213 -0.0000112739571590
214 214 0.0001653571620896
240 214 -0.0000112739571590
95 215 -100000.0000000000000000
215 215 100000.1999999999970896
96 216 -100000.0000000000000000
216 216 100000.1999999999970896
135 217 -100.0000000000000000
143 217 -1.0000000000000000
144 217 -0.0000000001287275
170 217 -0.0005000000000000
217 217 105.0622384241700047
402 217 -4.0617384240455001
136 218 -100.0000000000000000
145 218 -1.0000000000000000
146 218 -0.0000000001287276
194 218 -0.0005000000000000
218 218 105.0622384241700047
405 218 -4.0617384240455001
137 219 -1.0000000000000000
139 219 -8.4368628122093003
219 219 13.6015869152889994
220 219 -0.0025000000000000
245 219 -0.0013333333333333
419 219 -5.1608907697469002
219 220 -0.0025000000000000
220 220 4.2483891008962003
411 220 -4.0617384240455001
418 220 -0.1841506768507000
138 221 -1.0000000000000000
140 221 -8.4368628059174995
221 221 13.6015869089979997
222 221 -0.0025000000000000
246 221 -0.0013333333333333
422 221 -5.1608907697469002
221 222 -0.0025000000000000
222 222 4.2483891008877004
414 222 -4.0617384240455001
421 222 -0.1841506768422500
99 223 -100000.0000000000000000
223 223 100031.7901342499972088
425 223 -31.7901342497370010
224 224 0.1264145008083800
249 224 -0.0005000000000000
424 224 -0.1159145008083800
100 225 -100000.0000000000000000
225 225 100008.8983804900053656
423 225 -8.8983804947500005
101 226 -100000.0000000000000000
226 226 100031.7901342499972088
428 226 -31.7901342497370010
227 227 0.1264145008083800
250 227 -0.0005000000000000
427 227 -0.1159145008083800
102 228 -100000.0000000000000000
228 228 100008.8983804900053656
426 228 -8.8983804947500005
103 229 -100000.0000000000000000
229 229 100000.0006587999960175
249 229 -0.0005000000000000
429 229 -0.0000000699740663
104 230 -100000.0000000000000000
230 230 100000.0006587999960175
250 230 -0.0005000000000000
430 230 -0.0000000699740663
139 231 -17.8890876565299983
231 231 39.8445187668479974
235 231 -0.0025000000000000
241 231 -0.1250000000000000
413 231 -21.8179311103190017
140 232 -17.8890876565299983
232 232 39.8445187668479974
236 232 -0.0025000000000000
242 232 -0.1250000000000000
416 232 -21.8179311103190017
105 233 -1000000.0000000000000000
141 233 -1000.0000000000000000
233 233 1002006.5746219999855384
253 233 -1000.0000000000000000
254 233 -0.0000000000010002
399 233 -6.5746219592372999
106 234 -1000000.0000000000000000
142 234 -1000.0000000000000000
234 234 1002006.5746219999855384
255 234 -1000.0000000000000000
256 234 -0.0000000000010002
408 234 -6.5746219592372999
107 235 -0.3357958361316300
143 235 -0.0000000000010000
144 235 -0.0100000000000000
231 235 -0.0025000000000000
235 235 0.9361906992350900
412 235 -0.1512549209834500
417 235 -0.4366399421190100
108 236 -0.3357958361316300
145 236 -0.0000000000010000
146 236 -0.0100000000000000
232 236 -0.0025000000000000
236 236 0.9361906991393500
415 236 -0.1512549208877100
420 236 -0.4366399421190100
237 237 0.0002002000000000
238 237 -0.0000002000000000
147 238 -0.0129494433002620
148 238 -0.0129494433002620
237 238 -0.0000002000000000
238 238 0.0258990866005250
119 239 -0.0000000500000000
165 239 -0.0001000000000000
213 239 -0.0000112739571590
239 239 0.0001113239571590
120 240 -0.0000000500000000
189 240 -0.0001000000000000
214 240 -0.0000112739571590
240 240 0.0001113239571590
231 241 -0.1250000000000000
241 241 0.1896988163394600
400 241 -0.0646988163394650
232 242 -0.1250000000000000
242 242 0.1896988163319800
409 242 -0.0646988163319830
149 243 -1000.0000000000000000
172 243 -0.0666666666666670
179 243 -0.0005000000000000
243 243 7000.0702969697003937
245 243 -0.0001000000000000
247 243 -0.0030303030303030
261 243 -1000.0000000000000000
262 243 -0.0000000000010000
267 243 -1000.0000000000000000
270 243 -1000.0000000000000000
271 243 -1000.0000000000000000
312 243 -1000.0000000000000000
315 243 -1000.0000000000000000
150 244 -1000.0000000000000000
196 244 -0.0666666666666670
203 244 -0.0005000000000000
244 244 7000.0702969697003937
246 244 -0.0001000000000000
248 244 -0.0030303030303030
263 244 -1000.0000000000000000
264 244 -0.0000000000010000
327 244 -1000.0000000000000000
330 244 -1000.0000000000000000
331 244 -1000.0000000000000000
372 244 -1000.0000000000000000
375 244 -1000.0000000000000000
219 245 -0.0013333333333333
243 245 -0.0001000000000000
245 245 0.1158781105105300
403 245 -0.1144447771772000
221 246 -0.0013333333333333
244 246 -0.0001000000000000
246 246 0.1158781106105700
406 246 -0.1144447772772300
111 247 -1000000.0000000000000000
112 247 -0.5000000000000000
243 247 -0.0030303030303030
247 247 1000000.5030303000239655
113 248 -1000000.0000000000000000
114 248 -0.5000000000000000
244 248 -0.0030303030303030
248 248 1000000.5030303000239655
115 249 -100000.0000000000000000
116 249 -0.0100000000000000
224 249 -0.0005000000000000
229 249 -0.0005000000000000
249 249 100000.0109999999986030
117 250 -100000.0000000000000000
118 250 -0.0100000000000000
227 250 -0.0005000000000000
230 250 -0.0005000000000000
250 250 100000.0109999999986030
119 251 -0.0003333333333333
251 251 0.0003335333333333
120 252 -0.0003333333333333
252 252 0.0003335333333333
233 253 -1000.0000000000000000
253 253 1000.0000000000000000
233 254 -0.0000000000010002
254 254 70.9219858156040033
234 255 -1000.0000000000000000
255 255 1000.0000000000000000
234 256 -0.0000000000010002
256 256 70.9219858156040033
179 257 -0.0100000000000000
257 257 0.0100000000010000
179 258 -0.0006405779045572
258 258 0.0106405779045570
203 259 -0.0100000000000000
259 259 0.0100000000010000
203 260 -0.0006405779045070
260 260 0.0106405779045070
243 261 -1000.0000000000000000
261 261 1000.0000000086999989
243 262 -0.0000000000010000
262 262 6.0128819983944002
244 263 -1000.0000000000000000
263 263 1000.0000000086999989
244 264 -0.0000000000010000
264 264 6.0128819983944002
177 265 -1000.0000000000000000
265 265 1000.0000000000000000
266 265 -0.0000000000010000
267 265 -0.0000000000010000
180 266 -1000.0000000000000000
265 266 0.0054186561466090
266 266 1000.0000005788999715
267 266 -0.0054192350638642
243 267 -1000.0000000000000000
265 267 -0.0054186561486090
266 267 -0.0000005789162552
267 267 1000.0054192351000211
180 268 -1000.0000000000000000
268 268 1000.0000000000000000
269 268 -0.0000000000010321
270 268 -0.0000000000010321
180 269 -1000.0000000000000000
268 269 0.0054186561465447
269 269 1000.0000005788999715
270 269 -0.0054192350638321
243 270 -1000.0000000000000000
268 270 -0.0054186561486090
269 270 -0.0000005789162552
270 270 1000.0054192351000211
243 271 -1000.0000000000000000
271 271 1000.0000000000000000
272 271 -0.0000000000010000
273 271 -0.0000000000010000
160 272 -1000.0000000000000000
271 272 0.0001124568484191
272 272 1000.0000000152999746
273 272 -0.0001124721288824
159 273 -1000.0000000000000000
271 273 -0.0001124568504191
272 273 -0.0000000152794634
273 273 1000.0001124720999996
168 274 -1000.0000000000000000
274 274 1000.0000000000000000
275 274 -0.0000000000010000
276 274 -0.0000000000010000
159 275 -1000.0000000000000000
274 275 -0.0000000000010000
275 275 1000.0000000000000000
276 275 -0.0000000000000001
157 276 -1000.0000000000000000
274 276 -0.0000000000010000
275 276 -0.0000000000000001
276 276 1000.0000000000000000
160 277 -1000.0000000000000000
277 277 1000.0000000000000000
278 277 -0.0000000000010015
279 277 -0.0000000000010015
159 278 -1000.0000000000000000
277 278 -0.0000000000010029
278 278 1000.0000000000000000
279 278 0.0000000000000013
158 279 -1000.0000000000000000
277 279 -0.0000000000010000
278 279 -0.0000000000000001
279 279 1000.0000000000000000
168 280 -1000.0000000000000000
280 280 1000.0292151001999628
281 280 -0.0146075501072490
282 280 -0.0146075501072490
177 281 -1000.0000000000000000
280 281 0.2086160005805300
281 281 1000.0146329594000463
282 281 -0.2232489599934200
164 282 -1000.0000000000000000
280 282 -0.2378311007950300
281 282 -0.0000254093056405
282 282 1000.2378565100999595
160 283 -1000.0000000000000000
283 283 1000.0037603659000069
284 283 -0.0018801829494142
285 283 -0.0018801829494142
177 284 -1000.0000000000000000
283 284 -0.0028160744392804
284 284 1000.0018802838000056
285 284 0.0009357906040265
178 285 -1000.0000000000000000
283 285 -0.0009442914595479
284 285 -0.0000001008858397
285 285 1000.0009443922999708
173 286 -1000.0000000000000000
286 286 1000.0000000000000000
287 286 -0.0000000000010018
288 286 -0.0000000000010018
161 287 -1000.0000000000000000
286 287 0.1255945649086700
287 287 1000.0000170644999571
288 287 -0.1256116293886000
169 288 -1000.0000000000000000
286 288 -0.1255945649106700
287 288 -0.0000170644789281
288 288 1000.1256116294000549
168 289 -1000.0000000000000000
289 289 1000.0000000000000000
290 289 -0.0000000000010005
291 289 -0.0000000000010005
166 290 -1000.0000000000000000
289 290 0.4228472427547200
290 290 1000.0000574521000090
291 290 -0.4229046948267500
289 291 -0.4228472427567200
290 291 -0.0000574520710267
291 291 1000.4229046947999677
163 292 -1000.0000000000000000
292 292 1000.2832108971000480
293 292 -0.1416054485375800
294 292 -0.1416054485375800
169 293 -1000.0000000000000000
292 293 -0.2832108905074400
293 293 1000.1416054484999449
294 293 0.1416054419691600
162 294 -1000.0000000000000000
292 294 -0.0000000065677202
293 294 -0.0000000000007017
294 294 1000.0000000065999757
180 295 -1000.0000000000000000
295 295 1000.0000000000000000
296 295 -0.0000000000010000
297 295 -0.0000000000010000
165 296 -1000.0000000000000000
295 296 0.2326303115091900
296 296 1000.0000316074000466
297 296 -0.2326619188894700
164 297 -1000.0000000000000000
295 297 -0.2326303115111900
296 297 -0.0000316073792814
297 297 1000.2326619189000212
169 298 -1000.0000000000000000
298 298 1000.2871385536999469
299 298 -0.1435692768630100
300 298 -0.1435692768630100
167 299 -1000.0000000000000000
298 299 0.1822981913139400
299 299 1000.1436330589999670
300 299 -0.3259312503433900
166 300 -1000.0000000000000000
298 300 -0.4694367450399500
299 300 -0.0000637821664456
300 300 1000.4695005272000117
169 301 -1000.0000000000000000
301 301 1000.2887984602000415
302 301 -0.1443992300811000
303 301 -0.1443992300811000
168 302 -1000.0000000000000000
301 302 0.0016120388650288
302 302 1000.1444386880000366
303 302 -0.1460507268943700
167 303 -1000.0000000000000000
301 303 -0.2904104990272300
302 303 -0.0000394579482374
303 303 1000.2904499569999643
173 304 -1000.0000000000000000
304 304 1000.0000000000000000
305 304 -0.0000000000028593
306 304 -0.0000000000028593
171 305 -1000.0000000000000000
304 305 -0.0000000000047184
305 305 1000.0000000000000000
306 305 0.0000000000018590
170 306 -1000.0000000000000000
304 306 -0.0000000000010001
305 306 -0.0000000000000001
306 306 1000.0000000000000000
172 307 -1000.0000000000000000
307 307 1000.0000000000000000
308 307 -0.0000000000010000
309 307 -0.0000000000010000
173 308 -1000.0000000000000000
307 308 -0.0000000000009994
308 308 1000.0000000000000000
309 308 -0.0000000000000007
171 309 -1000.0000000000000000
307 309 -0.0000000000010006
308 309 -0.0000000000000001
309 309 1000.0000000000000000
173 310 -1000.0000000000000000
310 310 1000.0000000000000000
311 310 -0.0000000000010000
312 310 -0.0000000000010000
174 311 -1000.0000000000000000
310 311 0.0240417775670020
311 311 1000.0000025686000527
312 311 -0.0240443461339810
243 312 -1000.0000000000000000
310 312 -0.0240417775690020
311 312 -0.0000025685659796
312 312 1000.0240443461000268
174 313 -1000.0000000000000000
313 313 1000.0000000000000000
314 313 -0.0000000000010321
315 313 -0.0000000000010321
174 314 -1000.0000000000000000
313 314 0.0240417775669410
314 314 1000.0000025686000527
315 314 -0.0240443461339520
243 315 -1000.0000000000000000
313 315 -0.0240417775690050
314 315 -0.0000025685659796
315 315 1000.0240443461000268
176 316 -1000.0000000000000000
316 316 1000.0000000000000000
317 316 -0.0000000000010321
318 316 -0.0000000000010321
176 317 -1000.0000000000000000
316 317 0.0175646757511910
317 317 1000.0000023865000003
318 317 -0.0175670622570810
316 318 -0.0175646757532550
317 318 -0.0000023865048578
318 318 1000.0175670623000315
177 319 -1000.0000000000000000
319 319 1000.0284091109999736
320 319 -0.0142045555229570
321 319 -0.0142045555229570
176 320 -1000.0000000000000000
319 320 -0.0090255267495945
320 320 1000.0142071891999649
321 320 -0.0051816624125332
175 321 -1000.0000000000000000
319 321 -0.0193835842963190
320 321 -0.0000026336391707
321 321 1000.0193862178999780
180 322 -1000.0000000000000000
322 322 1000.0000000000000000
323 322 -0.0000000000010000
324 322 -0.0000000000010000
179 323 -1000.0000000000000000
322 323 -0.0000000000010000
323 323 1000.0000000000000000
324 323 -0.0000000000000001
178 324 -1000.0000000000000000
322 324 -0.0000000000010000
323 324 -0.0000000000000001
324 324 1000.0000000000000000
201 325 -1000.0000000000000000
325 325 1000.0000000000000000
326 325 -0.0000000000010000
327 325 -0.0000000000010000
204 326 -1000.0000000000000000
325 326 0.0054186571292645
326 326 1000.0000005788999715
327 326 -0.0054192360466247
244 327 -1000.0000000000000000
325 327 -0.0054186571312645
326 327 -0.0000005789163602
327 327 1000.0054192359999661
204 328 -1000.0000000000000000
328 328 1000.0000000000000000
329 328 -0.0000000000010321
330 328 -0.0000000000010321
204 329 -1000.0000000000000000
328 329 0.0054186571292003
329 329 1000.0000005788999715
330 329 -0.0054192360465926
244 330 -1000.0000000000000000
328 330 -0.0054186571312645
329 330 -0.0000005789163602
330 330 1000.0054192359999661
244 331 -1000.0000000000000000
331 331 1000.0000000000000000
332 331 -0.0000000000010000
333 331 -0.0000000000010000
184 332 -1000.0000000000000000
331 332 0.0001124563286505
332 332 1000.0000000152999746
333 332 -0.0001124716090433
183 333 -1000.0000000000000000
331 333 -0.0001124563306505
332 333 -0.0000000152793928
333 333 1000.0001124716000049
192 334 -1000.0000000000000000
334 334 1000.0000000000000000
335 334 -0.0000000000010000
336 334 -0.0000000000010000
183 335 -1000.0000000000000000
334 335 -0.0000000000010000
335 335 1000.0000000000000000
336 335 -0.0000000000000001
181 336 -1000.0000000000000000
334 336 -0.0000000000010000
335 336 -0.0000000000000001
336 336 1000.0000000000000000
184 337 -1000.0000000000000000
337 337 1000.0000000000000000
338 337 -0.0000000000010015
339 337 -0.0000000000010015
183 338 -1000.0000000000000000
337 338 -0.0000000000010029
338 338 1000.0000000000000000
339 338 0.0000000000000013
182 339 -1000.0000000000000000
337 339 -0.0000000000010000
338 339 -0.0000000000000001
339 339 1000.0000000000000000
192 340 -1000.0000000000000000
340 340 1000.0292151001999628
341 340 -0.0146075501073180
342 340 -0.0146075501073180
201 341 -1000.0000000000000000
340 341 0.2086160023188800
341 341 1000.0146329594000463
342 341 -0.2232489617320300
188 342 -1000.0000000000000000
340 342 -0.2378311025335200
341 342 -0.0000254093058262
342 342 1000.2378565118000324
184 343 -1000.0000000000000000
343 343 1000.0037603509999826
344 343 -0.0018801754924854
345 343 -0.0018801754924854
201 344 -1000.0000000000000000
343 344 -0.0028160648899876
344 344 1000.0018802764000156
345 344 0.0009357885122357
202 345 -1000.0000000000000000
343 345 -0.0009442860949831
344 345 -0.0000001008852666
345 345 1000.0009443870000041
197 346 -1000.0000000000000000
346 346 1000.0000000000000000
347 346 -0.0000000000010018
348 346 -0.0000000000010018
185 347 -1000.0000000000000000
346 347 0.1255945649197100
347 347 1000.0000170644999571
348 347 -0.1256116293996400
193 348 -1000.0000000000000000
346 348 -0.1255945649217200
347 348 -0.0000170644789296
348 348 1000.1256116294000549
192 349 -1000.0000000000000000
349 349 1000.0000000000000000
350 349 -0.0000000000010005
351 349 -0.0000000000010005
190 350 -1000.0000000000000000
349 350 0.4228472405612200
350 350 1000.0000574521000090
351 350 -0.4229046926329500
349 351 -0.4228472405632300
350 351 -0.0000574520707287
351 351 1000.4229046926000137
187 352 -1000.0000000000000000
352 352 1000.2832109014000253
353 352 -0.1416054506829900
354 352 -0.1416054506829900
193 353 -1000.0000000000000000
352 353 -0.2832108947982600
353 353 1000.1416054507000126
354 353 0.1416054441145700
186 354 -1000.0000000000000000
352 354 -0.0000000065677205
353 354 -0.0000000000007017
354 354 1000.0000000065999757
204 355 -1000.0000000000000000
355 355 1000.0000000000000000
356 355 -0.0000000000010000
357 355 -0.0000000000010000
189 356 -1000.0000000000000000
355 356 0.2326303131621200
356 356 1000.0000316074000466
357 356 -0.2326619205426200
188 357 -1000.0000000000000000
355 357 -0.2326303131641200
356 357 -0.0000316073795060
357 357 1000.2326619205000497
193 358 -1000.0000000000000000
358 358 1000.2871385580999686
359 358 -0.1435692790331400
360 358 -0.1435692790331400
191 359 -1000.0000000000000000
358 359 0.1822981900043100
359 359 1000.1436330612000347
360 359 -0.3259312512043100
190 360 -1000.0000000000000000
358 360 -0.4694367480706000
359 360 -0.0000637821668574
360 360 1000.4695005301999799
193 361 -1000.0000000000000000
361 361 1000.2887984645000188
362 361 -0.1443992322616200
363 361 -0.1443992322616200
192 362 -1000.0000000000000000
361 362 0.0016120388544099
362 362 1000.1444386901999906
363 362 -0.1460507290648600
191 363 -1000.0000000000000000
361 363 -0.2904105033776500
362 363 -0.0000394579488285
363 363 1000.2904499613000553
197 364 -1000.0000000000000000
364 364 1000.0000000000000000
365 364 -0.0000000000028593
366 364 -0.0000000000028593
195 365 -1000.0000000000000000
364 365 -0.0000000000047184
365 365 1000.0000000000000000
366 365 0.0000000000018590
194 366 -1000.0000000000000000
364 366 -0.0000000000010001
365 366 -0.0000000000000001
366 366 1000.0000000000000000
196 367 -1000.0000000000000000
367 367 1000.0000000000000000
368 367 -0.0000000000010000
369 367 -0.0000000000010000
197 368 -1000.0000000000000000
367 368 -0.0000000000009994
368 368 1000.0000000000000000
369 368 -0.0000000000000007
195 369 -1000.0000000000000000
367 369 -0.0000000000010006
368 369 -0.0000000000000001
369 369 1000.0000000000000000
197 370 -1000.0000000000000000
370 370 1000.0000000000000000
371 370 -0.0000000000010000
372 370 -0.0000000000010000
198 371 -1000.0000000000000000
370 371 0.0240417775753070
371 371 1000.0000025686000527
372 371 -0.0240443461422880
244 372 -1000.0000000000000000
370 372 -0.0240417775773070
371 372 -0.0000025685659805
372 372 1000.0240443461000268
198 373 -1000.0000000000000000
373 373 1000.0000000000000000
374 373 -0.0000000000010321
375 373 -0.0000000000010321
198 374 -1000.0000000000000000
373 374 0.0240417775752400
374 374 1000.0000025686000527
375 374 -0.0240443461422520
244 375 -1000.0000000000000000
373 375 -0.0240417775773040
374 375 -0.0000025685659805
375 375 1000.0240443461000268
200 376 -1000.0000000000000000
376 376 1000.0000000000000000
377 376 -0.0000000000010321
378 376 -0.0000000000010321
200 377 -1000.0000000000000000
376 377 0.0175646757578890
377 377 1000.0000023865000003
378 377 -0.0175670622637800
376 378 -0.0175646757599540
377 378 -0.0000023865048587
378 378 1000.0175670623000315
201 379 -1000.0000000000000000
379 379 1000.0284091109999736
380 379 -0.0142045555228300
381 379 -0.0142045555228300
200 380 -1000.0000000000000000
379 380 -0.0090255267493680
380 380 1000.0142071891999649
381 380 -0.0051816624126326
199 381 -1000.0000000000000000
379 381 -0.0193835842962920
380 381 -0.0000026336391707
381 381 1000.0193862178999780
204 382 -1000.0000000000000000
382 382 1000.0000000000000000
383 382 -0.0000000000010000
384 382 -0.0000000000010000
203 383 -1000.0000000000000000
382 383 -0.0000000000010000
383 383 1000.0000000000000000
384 383 -0.0000000000000001
202 384 -1000.0000000000000000
382 384 -0.0000000000010000
383 384 -0.0000000000000001
384 384 1000.0000000000000000
205 385 -1.0000000000000000
386 385 1.0000000000000000
388 385 -22553.1914893620014482
385 386 1.0000000000000000
387 386 -25.0048382417569997
386 387 -1.0000000000000000
388 388 1.0000000000000000
389 389 1.0000000000000000
207 390 -1.0000000000000000
391 390 1.0000000000000000
393 390 -22553.1914893620014482
390 391 1.0000000000000000
392 391 -25.0048382417580015
391 392 -1.0000000000000000
393 393 1.0000000000000000
394 394 1.0000000000000000
209 395 1.0000000000000000
210 396 1.0000000000000000
211 397 1.0000000000000000
212 398 1.0000000000000000
233 399 -6.5746219592372999
399 399 6.5759576132245003
400 399 -0.0000401966612351
401 399 -0.0012954573258947
241 400 -0.0646988163394650
399 400 4.7198142778956997
400 400 0.0925362025349890
401 400 -4.7476516640912996
399 401 -4.7211499318829002
400 401 -0.0277971895342900
401 401 1004.7489471213999650
217 402 -4.0617384240455001
402 402 4.6538615291444003
403 402 -0.1112234141073800
404 402 -0.4808996909915200
245 403 -0.1144447771772000
402 403 0.0786976569574790
403 403 0.2326769930926200
404 403 -0.1969298728729000
402 404 -0.6708207620563800
403 404 -0.0070088018080480
404 404 22.4957606741829998
218 405 -4.0617384240455001
405 405 4.6538615304426001
406 405 -0.1112234143814800
407 405 -0.4808996920156300
246 406 -0.1144447772772300
405 406 0.0786976553769380
406 406 0.2326769934667600
407 406 -0.1969298715664700
405 407 -0.6708207617740500
406 407 -0.0070088018080480
407 407 22.4957606739009996
234 408 -6.5746219592372999
408 408 6.5759576132233004
409 408 -0.0000401966611107
410 408 -0.0012954573248067
242 409 -0.0646988163319830
408 409 4.7198142741423004
409 409 0.0925362025061780
410 409 -4.7476516603165004
408 410 -4.7211499281283000
409 410 -0.0277971895130840
410 410 1004.7489471175999824
220 411 -4.0617384240455001
411 411 4.0734668406925998
412 411 -0.0007311068202527
413 411 -0.0109973098268710
235 412 -0.1512549209834500
411 412 15.1059440481179994
412 412 0.4575855728004200
413 412 -15.4122746999350007
231 413 -21.8179311103190017
411 413 -15.1176724647660006
412 413 -0.3055995449967100
413 413 37.2412031200810034
222 414 -4.0617384240455001
414 414 4.0734668406788996
415 414 -0.0007311068195604
416 414 -0.0109973098138770
236 415 -0.1512549208877100
414 415 15.1059440330919994
415 415 0.4575855721792200
416 415 -15.4122746843840002
232 416 -21.8179311103190017
414 416 -15.1176724497259993
415 416 -0.3055995444719600
416 416 37.2412031045160035
235 417 -0.4366399421190100
417 417 19.2312260312010004
418 417 -12.7248095383119999
419 417 -6.0697765507697001
220 418 -0.1841506768507000
417 418 -18.7521227170379987
418 418 12.9094627463780007
419 418 6.0268106475101000
219 419 -5.1608907697469002
417 419 -0.0424633720437380
418 419 -0.0005025312158580
419 419 5.2038566730065003
236 420 -0.4366399421190100
420 420 19.2312260201759990
421 420 -12.7248095294919992
422 420 -6.0697765485647004
222 421 -0.1841506768422500
420 421 -18.7521227060539992
421 421 12.9094627375489992
422 421 6.0268106453480002
221 422 -5.1608907697469002
420 422 -0.0424633720029550
421 422 -0.0005025312138098
422 422 5.2038566729636004
225 423 -8.8983804947500005
423 423 8.8983804952566992
424 423 -0.0000000004433182
425 423 -0.0000000000634029
224 424 -0.1159145008083800
423 424 -0.0000000005050503
424 424 0.1159145012517800
425 424 0.0000000000616556
223 425 -31.7901342497370010
423 425 -0.0000000000016707
424 425 -0.0000000000000765
425 425 31.7901342497390011
228 426 -8.8983804947500005
426 426 8.8983804952566992
427 426 -0.0000000004433182
428 426 -0.0000000000634029
227 427 -0.1159145008083800
426 427 -0.0000000005050503
427 427 0.1159145012517800
428 427 0.0000000000616556
226 428 -31.7901342497370010
426 428 -0.0000000000016707
427 428 -0.0000000000000765
428 428 31.7901342497390011
229 429 -0.0000000699740663
429 429 26.9179004737429999
230 430 -0.0000000699740663
430 430 26.9179004737429999
